[[ 1.783200e-01 -5.953991e+00]
 [ 2.020804e-01 -5.935122e+00]
 [ 2.766449e-01 -5.566121e+00]
 [ 4.209841e-01 -4.216356e+00]
 [ 5.796915e-01 -1.622529e+00]
 [ 6.277862e-01  1.555722e+00]
 [ 5.059024e-01  4.268702e+00]
 [ 2.778027e-01  5.795736e+00]
 [ 7.704253e-02  6.277783e+00]
 [-1.617641e-02  6.327167e+00]
 [ 1.838348e-01 -5.933072e+00]
 [ 2.076343e-01 -5.908401e+00]
 [ 2.813051e-01 -5.527261e+00]
 [ 4.208400e-01 -4.170508e+00]
 [ 5.689206e-01 -1.593807e+00]
 [ 6.077515e-01  1.546032e+00]
 [ 4.862269e-01  4.215379e+00]
 [ 2.658961e-01  5.713253e+00]
 [ 7.300374e-02  6.186705e+00]
 [-1.653864e-02  6.235695e+00]
 [ 1.888146e-01 -5.886742e+00]
 [ 2.113468e-01 -5.849896e+00]
 [ 2.795970e-01 -5.444270e+00]
 [ 4.032703e-01 -4.076807e+00]
 [ 5.239159e-01 -1.540242e+00]
 [ 5.436898e-01  1.520784e+00]
 [ 4.289492e-01  4.102612e+00]
 [ 2.334231e-01  5.541983e+00]
 [ 6.422650e-02  5.998106e+00]
 [-1.421286e-02  6.046165e+00]
 [ 1.760116e-01 -5.828985e+00]
 [ 1.929165e-01 -5.777275e+00]
 [ 2.440733e-01 -5.343903e+00]
 [ 3.320025e-01 -3.971673e+00]
 [ 4.055571e-01 -1.490650e+00]
 [ 4.034468e-01  1.481685e+00]
 [ 3.128269e-01  3.967078e+00]
 [ 1.696604e-01  5.341739e+00]
 [ 4.796441e-02  5.779003e+00]
 [-8.164034e-03  5.826039e+00]
 [ 1.283859e-01 -5.793204e+00]
 [ 1.319058e-01 -5.729023e+00]
 [ 1.471309e-01 -5.274946e+00]
 [ 1.733095e-01 -3.907694e+00]
 [ 1.833066e-01 -1.473672e+00]
 [ 1.663726e-01  1.444206e+00]
 [ 1.250275e-01  3.867431e+00]
 [ 6.586314e-02  5.199327e+00]
 [ 1.742295e-02  5.625701e+00]
 [-4.334810e-03  5.672848e+00]
 [ 4.797349e-02 -5.824049e+00]
 [ 2.978862e-02 -5.753832e+00]
 [-9.135983e-03 -5.290890e+00]
 [-6.343356e-02 -3.928229e+00]
 [-1.187903e-01 -1.498978e+00]
 [-1.355609e-01  1.433756e+00]
 [-1.074172e-01  3.858822e+00]
 [-6.312913e-02  5.188707e+00]
 [-2.424121e-02  5.618406e+00]
 [-5.346147e-03  5.667700e+00]
 [-3.196668e-02 -5.941855e+00]
 [-7.476159e-02 -5.872012e+00]
 [-1.716412e-01 -5.407144e+00]
 [-3.013403e-01 -4.031386e+00]
 [-4.038427e-01 -1.549825e+00]
 [-4.075848e-01  1.463835e+00]
 [-3.114694e-01  3.950566e+00]
 [-1.737485e-01  5.316116e+00]
 [-5.833744e-02  5.760758e+00]
 [-4.405801e-03  5.813084e+00]
 [-7.487081e-02 -6.110179e+00]
 [-1.362454e-01 -6.043592e+00]
 [-2.747400e-01 -5.575899e+00]
 [-4.516945e-01 -4.166468e+00]
 [-5.755283e-01 -1.600164e+00]
 [-5.658668e-01  1.518464e+00]
 [-4.273997e-01  4.091192e+00]
 [-2.337807e-01  5.507517e+00]
 [-7.394262e-02  5.969589e+00]
 [-1.544235e-04  6.023877e+00]
 [-8.298564e-02 -6.256769e+00]
 [-1.527845e-01 -6.193105e+00]
 [-3.092886e-01 -5.720641e+00]
 [-5.035592e-01 -4.275189e+00]
 [-6.317377e-01 -1.635027e+00]
 [-6.162475e-01  1.566835e+00]
 [-4.638004e-01  4.210163e+00]
 [-2.517129e-01  5.668084e+00]
 [-7.763947e-02  6.142945e+00]
 [ 2.318886e-03  6.197937e+00]
 [-8.119187e-02 -6.326808e+00]
 [-1.528518e-01 -6.264488e+00]
 [-3.130997e-01 -5.789066e+00]
 [-5.098814e-01 -4.325036e+00]
 [-6.373374e-01 -1.650122e+00]
 [-6.208509e-01  1.589494e+00]
 [-4.671579e-01  4.265469e+00]
 [-2.531909e-01  5.742578e+00]
 [-7.779243e-02  6.223067e+00]
 [ 2.670289e-03  6.278231e+00]
 [-1.617641e-02  6.327167e+00]
 [-1.087243e-01  6.273935e+00]
 [-3.038707e-01  5.787065e+00]
 [-5.209327e-01  4.270956e+00]
 [-6.349426e-01  1.563583e+00]
 [-5.830424e-01 -1.652328e+00]
 [-4.114270e-01 -4.297319e+00]
 [-2.147189e-01 -5.731349e+00]
 [-6.639024e-02 -6.182972e+00]
 [ 7.728541e-04 -6.231032e+00]
 [-1.653864e-02  6.235695e+00]
 [-1.055170e-01  6.184071e+00]
 [-2.938185e-01  5.707597e+00]
 [-5.062113e-01  4.219953e+00]
 [-6.235644e-01  1.555048e+00]
 [-5.791546e-01 -1.622153e+00]
 [-4.117908e-01 -4.242400e+00]
 [-2.158377e-01 -5.666597e+00]
 [-6.717104e-02 -6.115828e+00]
 [ 2.543124e-04 -6.163542e+00]
 [-1.421286e-02  6.046165e+00]
 [-9.226803e-02  5.997529e+00]
 [-2.585807e-01  5.540923e+00]
 [-4.515314e-01  4.108662e+00]
 [-5.694756e-01  1.530398e+00]
 [-5.426816e-01 -1.561429e+00]
 [-3.925380e-01 -4.123381e+00]
 [-2.071292e-01 -5.523537e+00]
 [-6.421852e-02 -5.966704e+00]
 [ 8.269197e-04 -6.013551e+00]
 [-8.164034e-03  5.826039e+00]
 [-6.398083e-02  5.780515e+00]
 [-1.834677e-01  5.344481e+00]
 [-3.261113e-01  3.970136e+00]
 [-4.231329e-01  1.488607e+00]
 [-4.165801e-01 -1.495927e+00]
 [-3.080656e-01 -3.976216e+00]
 [-1.629937e-01 -5.340243e+00]
 [-4.854168e-02 -5.774011e+00]
 [ 3.719556e-03 -5.819698e+00]
 [-4.334810e-03  5.672848e+00]
 [-2.564698e-02  5.630003e+00]
 [-7.048978e-02  5.207830e+00]
 [-1.238203e-01  3.869797e+00]
 [-1.620417e-01  1.451213e+00]
 [-1.632682e-01 -1.455528e+00]
 [-1.232131e-01 -3.868968e+00]
 [-6.510312e-02 -5.200972e+00]
 [-1.831917e-02 -5.626565e+00]
 [ 2.984138e-03 -5.671750e+00]
 [-5.346147e-03  5.667700e+00]
 [ 1.410316e-02  5.626935e+00]
 [ 5.782845e-02  5.208218e+00]
 [ 1.137271e-01  3.872060e+00]
 [ 1.563423e-01  1.452816e+00]
 [ 1.588721e-01 -1.456127e+00]
 [ 1.184025e-01 -3.868476e+00]
 [ 6.153180e-02 -5.199471e+00]
 [ 1.563893e-02 -5.625363e+00]
 [-5.464131e-03 -5.670985e+00]
 [-4.405801e-03  5.813084e+00]
 [ 4.979831e-02  5.772776e+00]
 [ 1.676793e-01  5.345572e+00]
 [ 3.120808e-01  3.977161e+00]
 [ 4.170875e-01  1.496208e+00]
 [ 4.203931e-01 -1.494224e+00]
 [ 3.160945e-01 -3.975384e+00]
 [ 1.681022e-01 -5.341173e+00]
 [ 4.784423e-02 -5.777096e+00]
 [-7.438493e-03 -5.823541e+00]
 [-1.544235e-04  6.023877e+00]
 [ 7.340986e-02  5.981805e+00]
 [ 2.313329e-01  5.537792e+00]
 [ 4.207490e-01  4.119654e+00]
 [ 5.544854e-01  1.551993e+00]
 [ 5.563324e-01 -1.547060e+00]
 [ 4.219476e-01 -4.120656e+00]
 [ 2.307054e-01 -5.535415e+00]
 [ 7.369965e-02 -5.986411e+00]
 [ 1.117673e-03 -6.034307e+00]
 [ 2.318886e-03  6.197937e+00]
 [ 8.177152e-02  6.153485e+00]
 [ 2.514979e-01  5.693836e+00]
 [ 4.536729e-01  4.233502e+00]
 [ 5.953928e-01  1.595495e+00]
 [ 5.973155e-01 -1.589170e+00]
 [ 4.559127e-01 -4.235808e+00]
 [ 2.533572e-01 -5.690980e+00]
 [ 8.566513e-02 -6.155364e+00]
 [ 7.834346e-03 -6.204860e+00]
 [ 2.670289e-03  6.278231e+00]
 [ 8.256792e-02  6.232541e+00]
 [ 2.530987e-01  5.765457e+00]
 [ 4.561830e-01  4.285611e+00]
 [ 5.986903e-01  1.615377e+00]
 [ 6.009343e-01 -1.608257e+00]
 [ 4.596021e-01 -4.288169e+00]
 [ 2.565705e-01 -5.762188e+00]
 [ 8.794965e-02 -6.233033e+00]
 [ 9.591018e-03 -6.283349e+00]
 [ 7.728541e-04 -6.231032e+00]
 [ 6.804613e-02 -6.183041e+00]
 [ 2.167633e-01 -5.726469e+00]
 [ 4.091611e-01 -4.278432e+00]
 [ 5.641006e-01 -1.635942e+00]
 [ 5.971397e-01  1.565892e+00]
 [ 4.841599e-01  4.249540e+00]
 [ 2.924839e-01  5.736586e+00]
 [ 1.262161e-01  6.218280e+00]
 [ 4.784508e-02  6.275673e+00]
 [ 2.543124e-04 -6.163542e+00]
 [ 6.781498e-02 -6.115661e+00]
 [ 2.170706e-01 -5.661748e+00]
 [ 4.092763e-01 -4.226213e+00]
 [ 5.616074e-01 -1.610648e+00]
 [ 5.893683e-01  1.554461e+00]
 [ 4.722358e-01  4.202324e+00]
 [ 2.805061e-01  5.667327e+00]
 [ 1.161653e-01  6.141259e+00]
 [ 3.896680e-02  6.197160e+00]
 [ 8.269197e-04 -6.013551e+00]
 [ 6.600263e-02 -5.965946e+00]
 [ 2.094311e-01 -5.518611e+00]
 [ 3.911349e-01 -4.112666e+00]
 [ 5.290150e-01 -1.558849e+00]
 [ 5.443218e-01  1.524684e+00]
 [ 4.260269e-01  4.096763e+00]
 [ 2.451577e-01  5.517064e+00]
 [ 9.342892e-02  5.975577e+00]
 [ 2.249092e-02  6.028527e+00]
 [ 3.719556e-03 -5.819698e+00]
 [ 5.595541e-02 -5.772887e+00]
 [ 1.695832e-01 -5.336596e+00]
 [ 3.086120e-01 -3.973655e+00]
 [ 4.072217e-01 -1.501909e+00]
 [ 4.092328e-01  1.479485e+00]
 [ 3.135526e-01  3.962520e+00]
 [ 1.764925e-01  5.333017e+00]
 [ 6.341545e-02  5.774087e+00]
 [ 1.046410e-02  5.823314e+00]
 [ 2.984138e-03 -5.671750e+00]
 [ 2.409043e-02 -5.626498e+00]
 [ 6.884990e-02 -5.202313e+00]
 [ 1.209266e-01 -3.876194e+00]
 [ 1.569245e-01 -1.465657e+00]
 [ 1.571912e-01  1.443255e+00]
 [ 1.213377e-01  3.865339e+00]
 [ 7.039967e-02  5.202994e+00]
 [ 2.825099e-02  5.630953e+00]
 [ 8.093778e-03  5.676455e+00]
 [-5.464131e-03 -5.670985e+00]
 [-2.658345e-02 -5.626381e+00]
 [-7.236657e-02 -5.203870e+00]
 [-1.265875e-01 -3.876821e+00]
 [-1.602002e-01 -1.463010e+00]
 [-1.539980e-01  1.446924e+00]
 [-1.135836e-01  3.866596e+00]
 [-6.067365e-02  5.204826e+00]
 [-1.676667e-02  5.631602e+00]
 [ 3.534280e-03  5.675659e+00]
 [-7.438493e-03 -5.823541e+00]
 [-6.258269e-02 -5.777391e+00]
 [-1.812146e-01 -5.341921e+00]
 [-3.228770e-01 -3.974636e+00]
 [-4.203182e-01 -1.495115e+00]
 [-4.144989e-01  1.490585e+00]
 [-3.120958e-01  3.965702e+00]
 [-1.725836e-01  5.338368e+00]
 [-5.640811e-02  5.778398e+00]
 [-2.027777e-03  5.824542e+00]
 [ 1.117673e-03 -6.034307e+00]
 [-7.147748e-02 -5.986170e+00]
 [-2.283967e-01 -5.533589e+00]
 [-4.197559e-01 -4.116417e+00]
 [-5.590866e-01 -1.548339e+00]
 [-5.584599e-01  1.547963e+00]
 [-4.213414e-01  4.106434e+00]
 [-2.316052e-01  5.527555e+00]
 [-7.505388e-02  5.985951e+00]
 [-2.152192e-03  6.035262e+00]
 [ 7.834346e-03 -6.204860e+00]
 [-7.013308e-02 -6.155467e+00]
 [-2.390857e-01 -5.690076e+00]
 [-4.469392e-01 -4.235254e+00]
 [-6.008992e-01 -1.595546e+00]
 [-6.037769e-01  1.593225e+00]
 [-4.557017e-01  4.223393e+00]
 [-2.486789e-01  5.683825e+00]
 [-7.934284e-02  6.155832e+00]
 [-9.716353e-04  6.207186e+00]
 [ 9.591018e-03 -6.283349e+00]
 [-6.892765e-02 -6.233433e+00]
 [-2.391221e-01 -5.762296e+00]
 [-4.487385e-01 -4.290482e+00]
 [-6.041104e-01 -1.617776e+00]
 [-6.080298e-01  1.613640e+00]
 [-4.591703e-01  4.277748e+00]
 [-2.499176e-01  5.756219e+00]
 [-7.936075e-02  6.234015e+00]
 [-6.511197e-04  6.286109e+00]
 [ 4.784508e-02  6.275673e+00]
 [-3.148154e-02  6.233969e+00]
 [-2.069650e-01  5.780770e+00]
 [-4.298001e-01  4.320014e+00]
 [-6.022910e-01  1.652602e+00]
 [-6.384585e-01 -1.574182e+00]
 [-5.344570e-01 -4.257075e+00]
 [-3.626549e-01 -5.754526e+00]
 [-2.147115e-01 -6.257328e+00]
 [-1.448994e-01 -6.327801e+00]
 [ 3.896680e-02  6.197160e+00]
 [-3.909260e-02  6.155135e+00]
 [-2.116205e-01  5.705573e+00]
 [-4.301218e-01  4.261040e+00]
 [-5.969372e-01  1.625652e+00]
 [-6.267763e-01 -1.563390e+00]
 [-5.176277e-01 -4.213955e+00]
 [-3.426342e-01 -5.692129e+00]
 [-1.927735e-01 -6.187832e+00]
 [-1.220808e-01 -6.256736e+00]
 [ 2.249092e-02  6.028527e+00]
 [-4.919784e-02  5.985903e+00]
 [-2.076909e-01  5.544271e+00]
 [-4.076782e-01  4.135601e+00]
 [-5.562054e-01  1.571201e+00]
 [-5.740108e-01 -1.535146e+00]
 [-4.628926e-01 -4.115945e+00]
 [-2.932245e-01 -5.552711e+00]
 [-1.491570e-01 -6.032757e+00]
 [-8.110027e-02 -6.097986e+00]
 [ 1.046410e-02  5.823314e+00]
 [-4.325507e-02  5.779602e+00]
 [-1.627366e-01  5.347075e+00]
 [-3.134630e-01  3.983913e+00]
 [-4.220916e-01  1.509970e+00]
 [-4.289703e-01 -1.493379e+00]
 [-3.387412e-01 -3.989267e+00]
 [-2.064953e-01 -5.376051e+00]
 [-9.479711e-02 -5.835905e+00]
 [-4.164524e-02 -5.895628e+00]
 [ 8.093778e-03  5.676455e+00]
 [-1.271378e-02  5.630788e+00]
 [-6.009005e-02  5.203123e+00]
 [-1.206916e-01  3.874026e+00]
 [-1.637733e-01  1.468036e+00]
 [-1.659755e-01 -1.459852e+00]
 [-1.288704e-01 -3.894349e+00]
 [-7.510110e-02 -5.245523e+00]
 [-2.912364e-02 -5.688580e+00]
 [-6.435217e-03 -5.742157e+00]
 [ 3.534280e-03  5.675659e+00]
 [ 2.377039e-02  5.628334e+00]
 [ 6.727398e-02  5.197844e+00]
 [ 1.194839e-01  3.868743e+00]
 [ 1.544282e-01  1.464781e+00]
 [ 1.526814e-01 -1.459578e+00]
 [ 1.208602e-01 -3.888887e+00]
 [ 7.753740e-02 -5.237303e+00]
 [ 4.323294e-02 -5.674299e+00]
 [ 2.862520e-02 -5.722984e+00]
 [-2.027777e-03  5.824542e+00]
 [ 5.277394e-02  5.776776e+00]
 [ 1.724779e-01  5.335839e+00]
 [ 3.180950e-01  3.969459e+00]
 [ 4.167744e-01  1.498737e+00]
 [ 4.143502e-01 -1.495273e+00]
 [ 3.227711e-01 -3.976301e+00]
 [ 1.959974e-01 -5.353978e+00]
 [ 9.358526e-02 -5.795796e+00]
 [ 4.743141e-02 -5.841732e+00]
 [-2.152192e-03  6.035262e+00]
 [ 7.115844e-02  5.987206e+00]
 [ 2.309989e-01  5.532043e+00]
 [ 4.256481e-01  4.113188e+00]
 [ 5.592091e-01  1.548492e+00]
 [ 5.567970e-01 -1.546933e+00]
 [ 4.286909e-01 -4.106632e+00]
 [ 2.506697e-01 -5.527260e+00]
 [ 1.072901e-01 -5.978684e+00]
 [ 4.218027e-02 -6.023671e+00]
 [-9.716353e-04  6.207186e+00]
 [ 7.760855e-02  6.158486e+00]
 [ 2.485019e-01  5.691442e+00]
 [ 4.570732e-01  4.230747e+00]
 [ 6.025036e-01  1.590485e+00]
 [ 6.012830e-01 -1.590021e+00]
 [ 4.588896e-01 -4.217821e+00]
 [ 2.604481e-01 -5.674263e+00]
 [ 1.011354e-01 -6.134143e+00]
 [ 2.848762e-02 -6.179316e+00]
 [-6.511197e-04  6.286109e+00]
 [ 7.815682e-02  6.236967e+00]
 [ 2.493349e-01  5.764382e+00]
 [ 4.585562e-01  4.284892e+00]
 [ 6.057587e-01  1.610352e+00]
 [ 6.054487e-01 -1.610045e+00]
 [ 4.602664e-01 -4.270374e+00]
 [ 2.576514e-01 -5.743484e+00]
 [ 9.515104e-02 -6.207464e+00]
 [ 2.086676e-02 -6.253007e+00]
 [-8.119187e-02 -6.326808e+00]
 [-1.528518e-01 -6.264488e+00]
 [-3.130997e-01 -5.789066e+00]
 [-5.098814e-01 -4.325036e+00]
 [-6.373374e-01 -1.650122e+00]
 [-6.208509e-01  1.589494e+00]
 [-4.671579e-01  4.265469e+00]
 [-2.531909e-01  5.742578e+00]
 [-7.779243e-02  6.223067e+00]
 [ 2.670289e-03  6.278231e+00]
 [-7.703202e-02 -6.398003e+00]
 [-1.491164e-01 -6.337016e+00]
 [-3.099472e-01 -5.858214e+00]
 [-5.056615e-01 -4.374657e+00]
 [-6.307644e-01 -1.664869e+00]
 [-6.143346e-01  1.612083e+00]
 [-4.625463e-01  4.320721e+00]
 [-2.507171e-01  5.817006e+00]
 [-7.715005e-02  6.303016e+00]
 [ 2.421508e-03  6.358304e+00]
 [-6.490695e-02 -6.554069e+00]
 [-1.319040e-01 -6.496018e+00]
 [-2.810493e-01 -6.008852e+00]
 [-4.602686e-01 -4.480986e+00]
 [-5.738005e-01 -1.696401e+00]
 [-5.606863e-01  1.659898e+00]
 [-4.238632e-01  4.439257e+00]
 [-2.309199e-01  5.977004e+00]
 [-7.264955e-02  6.474801e+00]
 [-6.784812e-05  6.530360e+00]
 [-6.274217e-02 -6.735706e+00]
 [-1.061555e-01 -6.681965e+00]
 [-2.042371e-01 -6.185027e+00]
 [-3.234057e-01 -4.604752e+00]
 [-4.020529e-01 -1.735323e+00]
 [-3.965938e-01  1.714039e+00]
 [-3.018622e-01  4.578951e+00]
 [-1.661331e-01  6.166258e+00]
 [-5.510797e-02  6.678017e+00]
 [-4.208027e-03  6.734164e+00]
 [-9.154604e-02 -6.805065e+00]
 [-8.109338e-02 -6.758614e+00]
 [-6.553815e-02 -6.264872e+00]
 [-5.528701e-02 -4.665503e+00]
 [-5.412898e-02 -1.758651e+00]
 [-5.357346e-02  1.744522e+00]
 [-3.888433e-02  4.663165e+00]
 [-1.893161e-02  6.277704e+00]
 [-6.030797e-03  6.795096e+00]
 [-9.881870e-04  6.851057e+00]
 [-7.463707e-02 -6.567342e+00]
 [ 3.948529e-02 -6.536753e+00]
 [ 2.733590e-01 -6.081250e+00]
 [ 5.417227e-01 -4.542193e+00]
 [ 7.244797e-01 -1.717950e+00]
 [ 7.250949e-01  1.707559e+00]
 [ 5.523719e-01  4.567818e+00]
 [ 3.054687e-01  6.142247e+00]
 [ 9.953758e-02  6.641911e+00]
 [ 3.609488e-03  6.694525e+00]
 [ 6.520407e-02 -5.708395e+00]
 [ 4.327796e-01 -5.699789e+00]
 [ 1.225287e+00 -5.328657e+00]
 [ 2.192742e+00 -3.987409e+00]
 [ 2.886991e+00 -1.507177e+00]
 [ 2.890629e+00  1.500348e+00]
 [ 2.186818e+00  4.010033e+00]
 [ 1.190602e+00  5.391592e+00]
 [ 3.760375e-01  5.830823e+00]
 [ 7.471400e-04  5.877247e+00]
 [ 1.797360e-01 -3.786570e+00]
 [ 1.049628e+00 -3.774192e+00]
 [ 2.975212e+00 -3.519424e+00]
 [ 5.358394e+00 -2.626824e+00]
 [ 7.050771e+00 -9.889703e-01]
 [ 7.051687e+00  9.815289e-01]
 [ 5.336053e+00  2.621843e+00]
 [ 2.914584e+00  3.530387e+00]
 [ 9.275833e-01  3.820328e+00]
 [ 9.127666e-03  3.851103e+00]
 [ 1.563855e-01 -1.394959e+00]
 [ 1.398585e+00 -1.359026e+00]
 [ 4.137281e+00 -1.234552e+00]
 [ 7.506968e+00 -9.207132e-01]
 [ 9.893461e+00 -3.447050e-01]
 [ 9.897328e+00  3.356348e-01]
 [ 7.496731e+00  8.960952e-01]
 [ 4.095954e+00  1.211463e+00]
 [ 1.303326e+00  1.311646e+00]
 [ 1.385027e-02  1.321718e+00]
 [ 1.233616e-01 -1.186860e-01]
 [ 1.428376e+00 -7.687323e-02]
 [ 4.285435e+00 -3.084554e-02]
 [ 7.793003e+00 -2.201321e-02]
 [ 1.028293e+01 -5.867861e-03]
 [ 1.028371e+01 -2.496854e-03]
 [ 7.791990e+00 -8.051897e-03]
 [ 4.257479e+00 -6.513437e-03]
 [ 1.352782e+00 -4.898835e-03]
 [ 1.218565e-02 -4.570690e-03]
 [ 2.670289e-03  6.278231e+00]
 [ 8.256792e-02  6.232541e+00]
 [ 2.530987e-01  5.765457e+00]
 [ 4.561830e-01  4.285611e+00]
 [ 5.986903e-01  1.615377e+00]
 [ 6.009343e-01 -1.608257e+00]
 [ 4.596021e-01 -4.288169e+00]
 [ 2.565705e-01 -5.762188e+00]
 [ 8.794965e-02 -6.233033e+00]
 [ 9.591018e-03 -6.283349e+00]
 [ 2.421508e-03  6.358304e+00]
 [ 8.141001e-02  6.311346e+00]
 [ 2.500214e-01  5.836842e+00]
 [ 4.511477e-01  4.337639e+00]
 [ 5.927649e-01  1.635295e+00]
 [ 5.953380e-01 -1.627194e+00]
 [ 4.558224e-01 -4.340217e+00]
 [ 2.550434e-01 -5.833205e+00]
 [ 8.787933e-02 -6.310644e+00]
 [ 1.013909e-02 -6.361804e+00]
 [-6.784812e-05  6.530360e+00]
 [ 7.205224e-02  6.480744e+00]
 [ 2.265287e-01  5.990744e+00]
 [ 4.127119e-01  4.450706e+00]
 [ 5.456761e-01  1.678935e+00]
 [ 5.482182e-01 -1.668179e+00]
 [ 4.188139e-01 -4.452515e+00]
 [ 2.332935e-01 -5.986861e+00]
 [ 7.851548e-02 -6.478810e+00]
 [ 6.557941e-03 -6.531745e+00]
 [-4.208027e-03  6.734164e+00]
 [ 4.649719e-02  6.681933e+00]
 [ 1.562416e-01  6.175717e+00]
 [ 2.925999e-01  4.590137e+00]
 [ 3.929322e-01  1.733063e+00]
 [ 3.918979e-01 -1.720216e+00]
 [ 2.939449e-01 -4.589298e+00]
 [ 1.587114e-01 -6.173140e+00]
 [ 4.659411e-02 -6.682327e+00]
 [-5.299578e-03 -6.736977e+00]
 [-9.881870e-04  6.851057e+00]
 [ 3.753556e-03  6.797488e+00]
 [ 1.446062e-02  6.284989e+00]
 [ 3.273537e-02  4.678754e+00]
 [ 5.000423e-02  1.766286e+00]
 [ 4.422495e-02 -1.758515e+00]
 [ 2.707071e-02 -4.673307e+00]
 [ 1.083379e-02 -6.284570e+00]
 [-1.967044e-03 -6.803145e+00]
 [-7.785791e-03 -6.858434e+00]
 [ 3.609488e-03  6.694525e+00]
 [-9.266725e-02  6.641074e+00]
 [-3.015831e-01  6.141974e+00]
 [-5.555299e-01  4.578536e+00]
 [-7.359412e-01  1.726932e+00]
 [-7.359055e-01 -1.723794e+00]
 [-5.533057e-01 -4.568922e+00]
 [-3.006855e-01 -6.143262e+00]
 [-9.177265e-02 -6.648586e+00]
 [ 5.083780e-03 -6.702971e+00]
 [ 7.471400e-04  5.877247e+00]
 [-3.741114e-01  5.830372e+00]
 [-1.185308e+00  5.391162e+00]
 [-2.177952e+00  4.014103e+00]
 [-2.889587e+00  1.511220e+00]
 [-2.887800e+00 -1.505040e+00]
 [-2.183489e+00 -4.011105e+00]
 [-1.196882e+00 -5.393488e+00]
 [-3.826941e-01 -5.832175e+00]
 [-6.006970e-03 -5.879841e+00]
 [ 9.127666e-03  3.851103e+00]
 [-9.098387e-01  3.820426e+00]
 [-2.900645e+00  3.531894e+00]
 [-5.326047e+00  2.627415e+00]
 [-7.040382e+00  9.883134e-01]
 [-7.043120e+00 -9.853056e-01]
 [-5.336427e+00 -2.631793e+00]
 [-2.909934e+00 -3.532312e+00]
 [-9.204593e-01 -3.821082e+00]
 [-2.960396e-03 -3.853652e+00]
 [ 1.385027e-02  1.321718e+00]
 [-1.275246e+00  1.310404e+00]
 [-4.065519e+00  1.209433e+00]
 [-7.469332e+00  8.977567e-01]
 [-9.887585e+00  3.379197e-01]
 [-9.891244e+00 -3.397205e-01]
 [-7.483351e+00 -9.047640e-01]
 [-4.085845e+00 -1.211491e+00]
 [-1.298386e+00 -1.313612e+00]
 [-9.020577e-03 -1.325414e+00]
 [ 1.218565e-02 -4.570690e-03]
 [-1.327270e+00 -4.597880e-03]
 [-4.224015e+00 -6.080823e-03]
 [-7.756193e+00 -9.738659e-03]
 [-1.026993e+01 -5.157161e-03]
 [-1.027329e+01  1.158828e-03]
 [-7.769427e+00  1.651927e-04]
 [-4.245711e+00  1.950837e-03]
 [-1.351194e+00  1.444620e-03]
 [-1.105163e-02  1.907186e-03]
 [ 9.591018e-03 -6.283349e+00]
 [-6.892765e-02 -6.233433e+00]
 [-2.391221e-01 -5.762296e+00]
 [-4.487385e-01 -4.290482e+00]
 [-6.041104e-01 -1.617776e+00]
 [-6.080298e-01  1.613640e+00]
 [-4.591703e-01  4.277748e+00]
 [-2.499176e-01  5.756219e+00]
 [-7.936075e-02  6.234015e+00]
 [-6.511197e-04  6.286109e+00]
 [ 1.013909e-02 -6.361804e+00]
 [-6.775635e-02 -6.311367e+00]
 [-2.365428e-01 -5.834488e+00]
 [-4.442675e-01 -4.345678e+00]
 [-5.976738e-01 -1.639988e+00]
 [-6.022148e-01  1.633722e+00]
 [-4.552169e-01  4.332201e+00]
 [-2.473079e-01  5.828675e+00]
 [-7.834861e-02  6.311955e+00]
 [-5.908039e-04  6.364661e+00]
 [ 6.557941e-03 -6.531745e+00]
 [-6.545144e-02 -6.480058e+00]
 [-2.210422e-01 -5.990418e+00]
 [-4.109777e-01 -4.463997e+00]
 [-5.480262e-01 -1.686990e+00]
 [-5.524623e-01  1.675891e+00]
 [-4.191638e-01  4.449901e+00]
 [-2.274650e-01  5.985382e+00]
 [-7.230545e-02  6.479596e+00]
 [-1.277641e-03  6.533202e+00]
 [-5.299578e-03 -6.736977e+00]
 [-5.705552e-02 -6.683258e+00]
 [-1.682257e-01 -6.176915e+00]
 [-3.009143e-01 -4.601530e+00]
 [-3.904327e-01 -1.739007e+00]
 [-3.925734e-01  1.723832e+00]
 [-2.999457e-01  4.590380e+00]
 [-1.630556e-01  6.173453e+00]
 [-5.233666e-02  6.679543e+00]
 [-1.890246e-03  6.733537e+00]
 [-7.785791e-03 -6.858434e+00]
 [-1.363091e-02 -6.803321e+00]
 [-2.667737e-02 -6.286650e+00]
 [-4.087216e-02 -4.677000e+00]
 [-4.521821e-02 -1.764521e+00]
 [-4.566890e-02  1.749955e+00]
 [-3.506715e-02  4.673326e+00]
 [-1.903135e-02  6.284592e+00]
 [-6.573230e-03  6.797318e+00]
 [-8.752281e-04  6.851256e+00]
 [ 5.083780e-03 -6.702971e+00]
 [ 1.016482e-01 -6.650437e+00]
 [ 3.084816e-01 -6.148984e+00]
 [ 5.571725e-01 -4.572441e+00]
 [ 7.310358e-01 -1.725550e+00]
 [ 7.299889e-01  1.711476e+00]
 [ 5.529415e-01  4.568687e+00]
 [ 2.956769e-01  6.140695e+00]
 [ 8.602908e-02  6.644381e+00]
 [-9.770114e-03  6.698405e+00]
 [-6.006970e-03 -5.879841e+00]
 [ 3.706828e-01 -5.834969e+00]
 [ 1.186022e+00 -5.398559e+00]
 [ 2.178567e+00 -4.017558e+00]
 [ 2.879676e+00 -1.519174e+00]
 [ 2.881557e+00  1.503517e+00]
 [ 2.175375e+00  4.005330e+00]
 [ 1.184783e+00  5.386503e+00]
 [ 3.732661e-01  5.832291e+00]
 [-2.362019e-03  5.880808e+00]
 [-2.960396e-03 -3.853652e+00]
 [ 9.143143e-01 -3.824952e+00]
 [ 2.901153e+00 -3.538085e+00]
 [ 5.323344e+00 -2.632596e+00]
 [ 7.044205e+00 -9.932203e-01]
 [ 7.046185e+00  9.791330e-01]
 [ 5.329151e+00  2.622764e+00]
 [ 2.915335e+00  3.535198e+00]
 [ 9.287328e-01  3.821707e+00]
 [ 8.635781e-03  3.849740e+00]
 [-9.020577e-03 -1.325414e+00]
 [ 1.281684e+00 -1.315488e+00]
 [ 4.077809e+00 -1.216537e+00]
 [ 7.481533e+00 -9.052666e-01]
 [ 9.892245e+00 -3.409558e-01]
 [ 9.892295e+00  3.287181e-01]
 [ 7.491752e+00  9.005388e-01]
 [ 4.091428e+00  1.215555e+00]
 [ 1.295714e+00  1.308907e+00]
 [ 4.922247e-03  1.316197e+00]
 [-1.105163e-02  1.907186e-03]
 [ 1.330620e+00  2.495453e-03]
 [ 4.236093e+00  1.950208e-03]
 [ 7.771683e+00  6.303176e-04]
 [ 1.027536e+01 -2.068283e-04]
 [ 1.027825e+01 -1.047457e-02]
 [ 7.785409e+00 -3.141024e-03]
 [ 4.251235e+00 -2.777371e-03]
 [ 1.347689e+00 -8.175974e-03]
 [ 7.608680e-03 -1.043655e-02]
 [-6.511197e-04  6.286109e+00]
 [ 7.815682e-02  6.236967e+00]
 [ 2.493349e-01  5.764382e+00]
 [ 4.585562e-01  4.284892e+00]
 [ 6.057587e-01  1.610352e+00]
 [ 6.054487e-01 -1.610045e+00]
 [ 4.602664e-01 -4.270374e+00]
 [ 2.576514e-01 -5.743484e+00]
 [ 9.515104e-02 -6.207464e+00]
 [ 2.086676e-02 -6.253007e+00]
 [-5.908039e-04  6.364661e+00]
 [ 7.715181e-02  6.314981e+00]
 [ 2.458082e-01  5.836833e+00]
 [ 4.522664e-01  4.338927e+00]
 [ 5.989669e-01  1.630571e+00]
 [ 5.997590e-01 -1.630098e+00]
 [ 4.542145e-01 -4.323647e+00]
 [ 2.507821e-01 -5.813484e+00]
 [ 8.770259e-02 -6.281753e+00]
 [ 1.291599e-02 -6.327882e+00]
 [-1.277641e-03  6.533202e+00]
 [ 6.951953e-02  6.482034e+00]
 [ 2.226613e-01  5.991757e+00]
 [ 4.106928e-01  4.455403e+00]
 [ 5.474875e-01  1.675715e+00]
 [ 5.509977e-01 -1.673397e+00]
 [ 4.140612e-01 -4.441172e+00]
 [ 2.219951e-01 -5.967429e+00]
 [ 6.763639e-02 -6.446070e+00]
 [-3.900696e-03 -6.494398e+00]
 [-1.890246e-03  6.733537e+00]
 [ 4.821167e-02  6.679986e+00]
 [ 1.560117e-01  6.174654e+00]
 [ 2.881945e-01  4.594368e+00]
 [ 3.873714e-01  1.733015e+00]
 [ 3.931511e-01 -1.724943e+00]
 [ 2.928944e-01 -4.586231e+00]
 [ 1.518837e-01 -6.157139e+00]
 [ 3.609982e-02 -6.652716e+00]
 [-1.911522e-02 -6.706241e+00]
 [-8.752281e-04  6.851256e+00]
 [ 4.763846e-03  6.795877e+00]
 [ 1.647191e-02  6.280477e+00]
 [ 2.965906e-02  4.674753e+00]
 [ 4.137508e-02  1.769546e+00]
 [ 4.417955e-02 -1.755192e+00]
 [ 3.117510e-02 -4.673877e+00]
 [ 1.413344e-02 -6.273856e+00]
 [-6.050246e-03 -6.790055e+00]
 [-1.788435e-02 -6.849935e+00]
 [-9.770114e-03  6.698405e+00]
 [-1.050346e-01  6.645048e+00]
 [-3.103396e-01  6.140604e+00]
 [-5.609862e-01  4.569023e+00]
 [-7.408090e-01  1.730447e+00]
 [-7.449501e-01 -1.717444e+00]
 [-5.623723e-01 -4.564387e+00]
 [-3.018062e-01 -6.134785e+00]
 [-9.474812e-02 -6.652777e+00]
 [ 2.052169e-03 -6.708497e+00]
 [-2.362019e-03  5.880808e+00]
 [-3.785616e-01  5.834622e+00]
 [-1.193879e+00  5.392306e+00]
 [-2.184885e+00  4.012657e+00]
 [-2.886257e+00  1.515989e+00]
 [-2.892724e+00 -1.511031e+00]
 [-2.189622e+00 -3.994957e+00]
 [-1.193096e+00 -5.376049e+00]
 [-3.679200e-01 -5.821667e+00]
 [ 1.960257e-02 -5.851703e+00]
 [ 8.635781e-03  3.849740e+00]
 [-9.125999e-01  3.816332e+00]
 [-2.908406e+00  3.524915e+00]
 [-5.336216e+00  2.629266e+00]
 [-7.050046e+00  9.954163e-01]
 [-7.049920e+00 -9.939312e-01]
 [-5.343969e+00 -2.615637e+00]
 [-2.931200e+00 -3.512938e+00]
 [-9.475169e-01 -3.793269e+00]
 [-3.559475e-02 -3.803509e+00]
 [ 4.922247e-03  1.316197e+00]
 [-1.284957e+00  1.303015e+00]
 [-4.074263e+00  1.202658e+00]
 [-7.471845e+00  9.017700e-01]
 [-9.887840e+00  3.440031e-01]
 [-9.894287e+00 -3.456492e-01]
 [-7.487876e+00 -8.960728e-01]
 [-4.102044e+00 -1.204258e+00]
 [-1.340660e+00 -1.315283e+00]
 [-7.749975e-02 -1.326966e+00]
 [ 7.608680e-03 -1.043655e-02]
 [-1.331401e+00 -1.198982e-02]
 [-4.226952e+00 -1.172214e-02]
 [-7.754889e+00 -3.826333e-03]
 [-1.026666e+01 -6.782245e-05]
 [-1.027565e+01 -5.006833e-03]
 [-7.772444e+00  7.745273e-03]
 [-4.254032e+00  3.893143e-03]
 [-1.381504e+00 -1.976609e-02]
 [-6.374146e-02 -3.127554e-02]
 [ 1.233616e-01 -1.186860e-01]
 [ 1.428376e+00 -7.687323e-02]
 [ 4.285435e+00 -3.084554e-02]
 [ 7.793003e+00 -2.201321e-02]
 [ 1.028293e+01 -5.867861e-03]
 [ 1.028371e+01 -2.496854e-03]
 [ 7.791990e+00 -8.051897e-03]
 [ 4.257479e+00 -6.513437e-03]
 [ 1.352782e+00 -4.898835e-03]
 [ 1.218565e-02 -4.570690e-03]
 [ 8.005772e-02  1.177198e+00]
 [ 1.351987e+00  1.216230e+00]
 [ 4.113644e+00  1.174334e+00]
 [ 7.496758e+00  8.801979e-01]
 [ 9.901251e+00  3.329726e-01]
 [ 9.895331e+00 -3.414547e-01]
 [ 7.498322e+00 -9.112642e-01]
 [ 4.098241e+00 -1.225356e+00]
 [ 1.300814e+00 -1.322638e+00]
 [ 9.416498e-03 -1.331709e+00]
 [-3.466008e-02  3.720556e+00]
 [ 9.046829e-01  3.725009e+00]
 [ 2.908943e+00  3.484376e+00]
 [ 5.336195e+00  2.607689e+00]
 [ 7.046136e+00  9.759132e-01]
 [ 7.038819e+00 -9.897380e-01]
 [ 5.334461e+00 -2.630407e+00]
 [ 2.918566e+00 -3.547473e+00]
 [ 9.292256e-01 -3.836587e+00]
 [ 9.496693e-03 -3.864820e+00]
 [-8.417697e-02  5.862150e+00]
 [ 3.175467e-01  5.811291e+00]
 [ 1.168011e+00  5.374372e+00]
 [ 2.181659e+00  3.995999e+00]
 [ 2.884958e+00  1.490999e+00]
 [ 2.888420e+00 -1.504735e+00]
 [ 2.187045e+00 -4.009376e+00]
 [ 1.195797e+00 -5.404907e+00]
 [ 3.830825e-01 -5.847913e+00]
 [ 7.561901e-03 -5.893152e+00]
 [ 8.694829e-03  6.725721e+00]
 [ 9.986312e-02  6.658115e+00]
 [ 3.026556e-01  6.150200e+00]
 [ 5.574631e-01  4.564433e+00]
 [ 7.399888e-01  1.702526e+00]
 [ 7.324772e-01 -1.720765e+00]
 [ 5.462936e-01 -4.570971e+00]
 [ 2.966225e-01 -6.152620e+00]
 [ 9.353085e-02 -6.655887e+00]
 [-4.240441e-04 -6.708018e+00]
 [ 4.864802e-02  6.825441e+00]
 [ 2.833252e-02  6.766726e+00]
 [-7.576274e-03  6.269317e+00]
 [-3.650422e-02  4.667786e+00]
 [-4.586726e-02  1.741583e+00]
 [-4.765795e-02 -1.769199e+00]
 [-3.812312e-02 -4.673910e+00]
 [-1.834002e-02 -6.284713e+00]
 [-2.239048e-03 -6.799995e+00]
 [ 4.780300e-03 -6.854312e+00]
 [ 1.816948e-03  6.660189e+00]
 [-5.474825e-02  6.609089e+00]
 [-1.749340e-01  6.135790e+00]
 [-3.144006e-01  4.584095e+00]
 [-4.007217e-01  1.718241e+00]
 [-3.911926e-01 -1.738057e+00]
 [-2.945189e-01 -4.590899e+00]
 [-1.606813e-01 -6.172573e+00]
 [-5.148165e-02 -6.680458e+00]
 [-1.280502e-03 -6.734625e+00]
 [-5.477804e-02  6.458205e+00]
 [-1.202999e-01  6.408307e+00]
 [-2.652948e-01  5.949479e+00]
 [-4.452053e-01  4.450961e+00]
 [-5.650748e-01  1.678541e+00]
 [-5.509182e-01 -1.680536e+00]
 [-4.148719e-01 -4.453481e+00]
 [-2.286164e-01 -5.989075e+00]
 [-7.614282e-02 -6.482800e+00]
 [-5.861774e-03 -6.535703e+00]
 [-8.431581e-02  6.311943e+00]
 [-1.491530e-01  6.260316e+00]
 [-2.955813e-01  5.806516e+00]
 [-4.840284e-01  4.342477e+00]
 [-6.158566e-01  1.644118e+00]
 [-6.024446e-01 -1.632238e+00]
 [-4.539084e-01 -4.338519e+00]
 [-2.496889e-01 -5.835276e+00]
 [-8.222868e-02 -6.316842e+00]
 [-5.074166e-03 -6.368717e+00]
 [-9.276249e-02  6.248595e+00]
 [-1.559048e-01  6.195694e+00]
 [-2.996088e-01  5.742852e+00]
 [-4.873140e-01  4.292576e+00]
 [-6.215783e-01  1.627480e+00]
 [-6.094766e-01 -1.609993e+00]
 [-4.593154e-01 -4.284951e+00]
 [-2.520975e-01 -5.763439e+00]
 [-8.205472e-02 -6.239329e+00]
 [-3.745868e-03 -6.290783e+00]
 [ 1.218565e-02 -4.570690e-03]
 [-1.327270e+00 -4.597880e-03]
 [-4.224015e+00 -6.080823e-03]
 [-7.756193e+00 -9.738659e-03]
 [-1.026993e+01 -5.157161e-03]
 [-1.027329e+01  1.158828e-03]
 [-7.769427e+00  1.651927e-04]
 [-4.245711e+00  1.950837e-03]
 [-1.351194e+00  1.444620e-03]
 [-1.105163e-02  1.907186e-03]
 [ 9.416498e-03 -1.331709e+00]
 [-1.280740e+00 -1.319898e+00]
 [-4.069406e+00 -1.220621e+00]
 [-7.465502e+00 -9.160663e-01]
 [-9.879891e+00 -3.482614e-01]
 [-9.883017e+00  3.424709e-01]
 [-7.474710e+00  9.041783e-01]
 [-4.084816e+00  1.214621e+00]
 [-1.297557e+00  1.316960e+00]
 [-7.313437e-03  1.329595e+00]
 [ 9.496693e-03 -3.864820e+00]
 [-9.102441e-01 -3.831085e+00]
 [-2.899774e+00 -3.538061e+00]
 [-5.317254e+00 -2.639138e+00]
 [-7.024824e+00 -9.988171e-01]
 [-7.030007e+00  9.897494e-01]
 [-5.322937e+00  2.626454e+00]
 [-2.905051e+00  3.530788e+00]
 [-9.161810e-01  3.827240e+00]
 [ 2.412627e-03  3.860315e+00]
 [ 7.561901e-03 -5.893152e+00]
 [-3.681396e-01 -5.843847e+00]
 [-1.182027e+00 -5.398070e+00]
 [-2.173045e+00 -4.018116e+00]
 [-2.873972e+00 -1.518353e+00]
 [-2.877109e+00  1.503913e+00]
 [-2.176134e+00  4.006333e+00]
 [-1.185369e+00  5.389257e+00]
 [-3.739135e-01  5.836302e+00]
 [ 5.582895e-04  5.884529e+00]
 [-4.240441e-04 -6.708018e+00]
 [-9.456660e-02 -6.652872e+00]
 [-2.991465e-01 -6.147514e+00]
 [-5.503905e-01 -4.577124e+00]
 [-7.317796e-01 -1.731331e+00]
 [-7.337828e-01  1.715036e+00]
 [-5.520229e-01  4.568612e+00]
 [-2.979934e-01  6.138768e+00]
 [-9.329664e-02  6.642055e+00]
 [ 5.070978e-04  6.696663e+00]
 [ 4.780300e-03 -6.854312e+00]
 [ 1.153929e-02 -6.799045e+00]
 [ 2.553699e-02 -6.284563e+00]
 [ 4.227109e-02 -4.681348e+00]
 [ 5.385200e-02 -1.773560e+00]
 [ 5.180172e-02  1.752762e+00]
 [ 3.699358e-02  4.672997e+00]
 [ 1.904680e-02  6.276618e+00]
 [ 4.536610e-03  6.787469e+00]
 [-2.379716e-03  6.842302e+00]
 [-1.280502e-03 -6.734625e+00]
 [ 4.882563e-02 -6.680867e+00]
 [ 1.575149e-01 -6.175062e+00]
 [ 2.927194e-01 -4.596951e+00]
 [ 3.936574e-01 -1.740076e+00]
 [ 3.960250e-01  1.719018e+00]
 [ 2.963859e-01  4.586528e+00]
 [ 1.598428e-01  6.165613e+00]
 [ 5.082807e-02  6.668846e+00]
 [ 8.536497e-04  6.722628e+00]
 [-5.861774e-03 -6.535703e+00]
 [ 6.433668e-02 -6.483634e+00]
 [ 2.164410e-01 -5.991498e+00]
 [ 4.045183e-01 -4.455451e+00]
 [ 5.440349e-01 -1.682300e+00]
 [ 5.486425e-01  1.666400e+00]
 [ 4.134690e-01  4.445092e+00]
 [ 2.249753e-01  5.981317e+00]
 [ 7.320173e-02  6.472455e+00]
 [ 3.510340e-03  6.524948e+00]
 [-5.074166e-03 -6.368717e+00]
 [ 7.189672e-02 -6.318224e+00]
 [ 2.380645e-01 -5.838357e+00]
 [ 4.416137e-01 -4.338742e+00]
 [ 5.905490e-01 -1.635113e+00]
 [ 5.946682e-01  1.623602e+00]
 [ 4.495083e-01  4.328810e+00]
 [ 2.453095e-01  5.827882e+00]
 [ 7.957476e-02  6.308172e+00]
 [ 3.257619e-03  6.359415e+00]
 [-3.745868e-03 -6.290783e+00]
 [ 7.431775e-02 -6.241130e+00]
 [ 2.425065e-01 -5.767327e+00]
 [ 4.475027e-01 -4.285154e+00]
 [ 5.963089e-01 -1.613763e+00]
 [ 5.996869e-01  1.603879e+00]
 [ 4.537074e-01  4.275259e+00]
 [ 2.477381e-01  5.756673e+00]
 [ 7.995591e-02  6.231642e+00]
 [ 2.592563e-03  6.282233e+00]
 [-1.105163e-02  1.907186e-03]
 [ 1.330620e+00  2.495453e-03]
 [ 4.236093e+00  1.950208e-03]
 [ 7.771683e+00  6.303176e-04]
 [ 1.027536e+01 -2.068283e-04]
 [ 1.027825e+01 -1.047457e-02]
 [ 7.785409e+00 -3.141024e-03]
 [ 4.251235e+00 -2.777371e-03]
 [ 1.347689e+00 -8.175974e-03]
 [ 7.608680e-03 -1.043655e-02]
 [-7.313437e-03  1.329595e+00]
 [ 1.283722e+00  1.320396e+00]
 [ 4.077344e+00  1.219502e+00]
 [ 7.476206e+00  9.059886e-01]
 [ 9.884986e+00  3.408943e-01]
 [ 9.893254e+00 -3.486172e-01]
 [ 7.493549e+00 -9.073511e-01]
 [ 4.092708e+00 -1.220472e+00]
 [ 1.300800e+00 -1.324275e+00]
 [ 1.174631e-02 -1.336289e+00]
 [ 2.412627e-03  3.860315e+00]
 [ 9.202791e-01  3.829897e+00]
 [ 2.904835e+00  3.536041e+00]
 [ 5.320837e+00  2.629345e+00]
 [ 7.034117e+00  9.936318e-01]
 [ 7.046611e+00 -9.908116e-01]
 [ 5.334867e+00 -2.633548e+00]
 [ 2.914253e+00 -3.538470e+00]
 [ 9.308774e-01 -3.830783e+00]
 [ 1.408637e-02 -3.863691e+00]
 [ 5.582895e-04  5.884529e+00]
 [ 3.753465e-01  5.837820e+00]
 [ 1.189696e+00  5.395084e+00]
 [ 2.186285e+00  4.012556e+00]
 [ 2.886881e+00  1.514463e+00]
 [ 2.882953e+00 -1.508027e+00]
 [ 2.178219e+00 -4.019846e+00]
 [ 1.187844e+00 -5.392400e+00]
 [ 3.792811e-01 -5.833195e+00]
 [ 6.406011e-03 -5.883575e+00]
 [ 5.070978e-04  6.696663e+00]
 [ 9.427676e-02  6.645169e+00]
 [ 2.985030e-01  6.148107e+00]
 [ 5.505272e-01  4.574270e+00]
 [ 7.277983e-01  1.719341e+00]
 [ 7.261994e-01 -1.719935e+00]
 [ 5.541343e-01 -4.575525e+00]
 [ 3.075975e-01 -6.137714e+00]
 [ 1.028841e-01 -6.636727e+00]
 [ 8.283347e-03 -6.692711e+00]
 [-2.379716e-03  6.842302e+00]
 [-9.431804e-03  6.789452e+00]
 [-2.482345e-02  6.283361e+00]
 [-4.179794e-02  4.678463e+00]
 [-5.008051e-02  1.759189e+00]
 [-4.483352e-02 -1.752514e+00]
 [-2.552244e-02 -4.669856e+00]
 [-8.398512e-03 -6.276675e+00]
 [ 1.833417e-04 -6.791311e+00]
 [ 3.573857e-03 -6.848632e+00]
 [ 8.536497e-04  6.722628e+00]
 [-4.913160e-02  6.670362e+00]
 [-1.578158e-01  6.172881e+00]
 [-2.901572e-01  4.599311e+00]
 [-3.814542e-01  1.732468e+00]
 [-3.805661e-01 -1.718172e+00]
 [-2.870449e-01 -4.586614e+00]
 [-1.582535e-01 -6.175151e+00]
 [-5.493105e-02 -6.685193e+00]
 [-7.199627e-03 -6.741309e+00]
 [ 3.510340e-03  6.524948e+00]
 [-6.622341e-02  6.473909e+00]
 [-2.181500e-01  5.989633e+00]
 [-4.052696e-01  4.463119e+00]
 [-5.382764e-01  1.681337e+00]
 [-5.421569e-01 -1.669277e+00]
 [-4.142710e-01 -4.452444e+00]
 [-2.300036e-01 -5.996483e+00]
 [-7.819028e-02 -6.491886e+00]
 [-7.642822e-03 -6.545302e+00]
 [ 3.257619e-03  6.359415e+00]
 [-7.318120e-02  6.309269e+00]
 [-2.399614e-01  5.835532e+00]
 [-4.463108e-01  4.347111e+00]
 [-5.940658e-01  1.636693e+00]
 [-5.984197e-01 -1.629051e+00]
 [-4.566430e-01 -4.338845e+00]
 [-2.511381e-01 -5.842196e+00]
 [-8.108804e-02 -6.323994e+00]
 [-2.125072e-03 -6.375234e+00]
 [ 2.592563e-03  6.282233e+00]
 [-7.492681e-02  6.232462e+00]
 [-2.441358e-01  5.763537e+00]
 [-4.536956e-01  4.292698e+00]
 [-6.037610e-01  1.615787e+00]
 [-6.073843e-01 -1.610001e+00]
 [-4.624452e-01 -4.285338e+00]
 [-2.527918e-01 -5.769328e+00]
 [-7.934932e-02 -6.244722e+00]
 [ 1.104492e-03 -6.295047e+00]
 [ 7.608680e-03 -1.043655e-02]
 [-1.331401e+00 -1.198982e-02]
 [-4.226952e+00 -1.172214e-02]
 [-7.754889e+00 -3.826333e-03]
 [-1.026666e+01 -6.782245e-05]
 [-1.027565e+01 -5.006833e-03]
 [-7.772444e+00  7.745273e-03]
 [-4.254032e+00  3.893143e-03]
 [-1.381504e+00 -1.976609e-02]
 [-6.374146e-02 -3.127554e-02]
 [ 1.174631e-02 -1.336289e+00]
 [-1.276864e+00 -1.326512e+00]
 [-4.065232e+00 -1.226114e+00]
 [-7.462591e+00 -9.092615e-01]
 [-9.877710e+00 -3.442232e-01]
 [-9.884995e+00  3.356621e-01]
 [-7.478348e+00  9.114696e-01]
 [-4.090975e+00  1.213520e+00]
 [-1.311864e+00  1.283287e+00]
 [-3.008478e-02  1.276283e+00]
 [ 1.408637e-02 -3.863691e+00]
 [-9.037147e-01 -3.834959e+00]
 [-2.894341e+00 -3.547212e+00]
 [-5.321527e+00 -2.636301e+00]
 [-7.033552e+00 -9.947411e-01]
 [-7.029148e+00  9.839827e-01]
 [-5.328760e+00  2.628483e+00]
 [-2.915089e+00  3.533104e+00]
 [-9.011810e-01  3.812153e+00]
 [ 4.078124e-02  3.831995e+00]
 [ 6.406011e-03 -5.883575e+00]
 [-3.665706e-01 -5.841500e+00]
 [-1.176042e+00 -5.409250e+00]
 [-2.168450e+00 -4.023349e+00]
 [-2.873405e+00 -1.510391e+00]
 [-2.875223e+00  1.501821e+00]
 [-2.181474e+00  3.997465e+00]
 [-1.195874e+00  5.401154e+00]
 [-3.827486e-01  5.868947e+00]
 [-4.411541e-03  5.926100e+00]
 [ 8.283347e-03 -6.692711e+00]
 [-8.617534e-02 -6.644059e+00]
 [-2.903593e-01 -6.154161e+00]
 [-5.410752e-01 -4.585093e+00]
 [-7.261339e-01 -1.728721e+00]
 [-7.415203e-01  1.701204e+00]
 [-5.717499e-01  4.551741e+00]
 [-3.289281e-01  6.132080e+00]
 [-1.501752e-01  6.636084e+00]
 [-7.462890e-02  6.695119e+00]
 [ 3.573857e-03 -6.848632e+00]
 [ 7.068833e-03 -6.798024e+00]
 [ 1.617389e-02 -6.294120e+00]
 [ 3.144468e-02 -4.689365e+00]
 [ 4.351969e-02 -1.775444e+00]
 [ 3.940853e-02  1.728301e+00]
 [ 2.555469e-02  4.652538e+00]
 [ 4.583435e-03  6.246155e+00]
 [-2.485866e-02  6.723677e+00]
 [-4.277245e-02  6.769300e+00]
 [-7.199627e-03 -6.741309e+00]
 [ 4.093338e-02 -6.690010e+00]
 [ 1.477148e-01 -6.188281e+00]
 [ 2.845506e-01 -4.603542e+00]
 [ 3.879031e-01 -1.740312e+00]
 [ 3.976679e-01  1.700225e+00]
 [ 3.109190e-01  4.573773e+00]
 [ 1.810136e-01  6.130215e+00]
 [ 7.348439e-02  6.587455e+00]
 [ 2.421703e-02  6.627909e+00]
 [-7.642822e-03 -6.545302e+00]
 [ 6.338601e-02 -6.493692e+00]
 [ 2.194584e-01 -6.001229e+00]
 [ 4.144269e-01 -4.458375e+00]
 [ 5.570961e-01 -1.679870e+00]
 [ 5.703803e-01  1.658654e+00]
 [ 4.501418e-01  4.443342e+00]
 [ 2.733254e-01  5.954724e+00]
 [ 1.349856e-01  6.405414e+00]
 [ 7.448278e-02  6.448965e+00]
 [-2.125072e-03 -6.375234e+00]
 [ 7.718672e-02 -6.323889e+00]
 [ 2.502783e-01 -5.841617e+00]
 [ 4.629931e-01 -4.337793e+00]
 [ 6.146792e-01 -1.631372e+00]
 [ 6.260538e-01  1.623534e+00]
 [ 4.946813e-01  4.335091e+00]
 [ 3.051306e-01  5.813484e+00]
 [ 1.601075e-01  6.264255e+00]
 [ 9.776196e-02  6.312753e+00]
 [ 1.104492e-03 -6.295047e+00]
 [ 8.181322e-02 -6.244017e+00]
 [ 2.574098e-01 -5.767137e+00]
 [ 4.716880e-01 -4.282406e+00]
 [ 6.227359e-01 -1.609705e+00]
 [ 6.325545e-01  1.606907e+00]
 [ 4.997154e-01  4.285118e+00]
 [ 3.097656e-01  5.749234e+00]
 [ 1.655882e-01  6.200950e+00]
 [ 1.039502e-01  6.252085e+00]
 [-9.276249e-02  6.248595e+00]
 [-1.559048e-01  6.195694e+00]
 [-2.996088e-01  5.742852e+00]
 [-4.873140e-01  4.292576e+00]
 [-6.215783e-01  1.627480e+00]
 [-6.094766e-01 -1.609993e+00]
 [-4.593154e-01 -4.284951e+00]
 [-2.520975e-01 -5.763439e+00]
 [-8.205472e-02 -6.239329e+00]
 [-3.745868e-03 -6.290783e+00]
 [-9.786350e-02  6.187423e+00]
 [-1.585848e-01  6.133021e+00]
 [-2.977411e-01  5.680444e+00]
 [-4.820792e-01  4.242704e+00]
 [-6.169401e-01  1.610270e+00]
 [-6.066462e-01 -1.587865e+00]
 [-4.573092e-01 -4.231081e+00]
 [-2.502862e-01 -5.691058e+00]
 [-8.027300e-02 -6.161245e+00]
 [-2.016324e-03 -6.212320e+00]
 [-9.662502e-02  6.061126e+00]
 [-1.496856e-01  6.002920e+00]
 [-2.728384e-01  5.548924e+00]
 [-4.406926e-01  4.134447e+00]
 [-5.699345e-01  1.570600e+00]
 [-5.649281e-01 -1.540624e+00]
 [-4.262856e-01 -4.113344e+00]
 [-2.315807e-01 -5.532291e+00]
 [-7.133296e-02 -5.990005e+00]
 [ 2.353461e-03 -6.040427e+00]
 [-6.579028e-02  5.915183e+00]
 [-1.038431e-01  5.851748e+00]
 [-1.929443e-01  5.393230e+00]
 [-3.183236e-01  4.000312e+00]
 [-4.222554e-01  1.515981e+00]
 [-4.253416e-01 -1.485061e+00]
 [-3.220313e-01 -3.967578e+00]
 [-1.733171e-01 -5.334176e+00]
 [-5.023789e-02 -5.776252e+00]
 [ 6.346142e-03 -5.826149e+00]
 [ 4.441053e-03  5.809478e+00]
 [-1.249242e-02  5.742827e+00]
 [-5.102877e-02  5.280604e+00]
 [-1.058032e-01  3.898270e+00]
 [-1.565145e-01  1.467767e+00]
 [-1.653222e-01 -1.448747e+00]
 [-1.270356e-01 -3.862288e+00]
 [-6.851365e-02 -5.188753e+00]
 [-1.899196e-02 -5.618574e+00]
 [ 3.959377e-03 -5.668078e+00]
 [ 9.425686e-02  5.784843e+00]
 [ 9.944818e-02  5.720702e+00]
 [ 1.153747e-01  5.262294e+00]
 [ 1.411635e-01  3.880015e+00]
 [ 1.585587e-01  1.452674e+00]
 [ 1.495801e-01 -1.452320e+00]
 [ 1.112588e-01 -3.860277e+00]
 [ 5.937136e-02 -5.182936e+00]
 [ 1.778870e-02 -5.610463e+00]
 [-1.064498e-03 -5.659501e+00]
 [ 1.678753e-01  5.835789e+00]
 [ 1.901430e-01  5.779784e+00]
 [ 2.480960e-01  5.333327e+00]
 [ 3.359215e-01  3.944642e+00]
 [ 4.059031e-01  1.474731e+00]
 [ 3.970419e-01 -1.491817e+00]
 [ 3.017471e-01 -3.957312e+00]
 [ 1.672805e-01 -5.313782e+00]
 [ 5.556387e-02 -5.751368e+00]
 [ 3.708071e-03 -5.801045e+00]
 [ 2.039119e-01  5.919123e+00]
 [ 2.351590e-01  5.872757e+00]
 [ 3.143022e-01  5.439591e+00]
 [ 4.304635e-01  4.040033e+00]
 [ 5.200765e-01  1.509450e+00]
 [ 5.075833e-01 -1.543359e+00]
 [ 3.909337e-01 -4.084589e+00]
 [ 2.265402e-01 -5.489088e+00]
 [ 8.622849e-02 -5.945287e+00]
 [ 1.957957e-02 -5.998432e+00]
 [ 2.097066e-01  5.989085e+00]
 [ 2.434499e-01  5.949776e+00]
 [ 3.274199e-01  5.525227e+00]
 [ 4.467273e-01  4.114039e+00]
 [ 5.334511e-01  1.533965e+00]
 [ 5.169696e-01 -1.583013e+00]
 [ 4.038884e-01 -4.178113e+00]
 [ 2.449239e-01 -5.620614e+00]
 [ 1.051397e-01 -6.095260e+00]
 [ 3.712285e-02 -6.153460e+00]
 [ 2.066847e-01  6.021329e+00]
 [ 2.404357e-01  5.985011e+00]
 [ 3.236712e-01  5.563649e+00]
 [ 4.397360e-01  4.146075e+00]
 [ 5.209430e-01  1.543455e+00]
 [ 5.028479e-01 -1.600266e+00]
 [ 3.965167e-01 -4.217158e+00]
 [ 2.469076e-01 -5.676661e+00]
 [ 1.128161e-01 -6.160870e+00]
 [ 4.663274e-02 -6.222149e+00]
 [-3.745868e-03 -6.290783e+00]
 [ 7.431775e-02 -6.241130e+00]
 [ 2.425065e-01 -5.767327e+00]
 [ 4.475027e-01 -4.285154e+00]
 [ 5.963089e-01 -1.613763e+00]
 [ 5.996869e-01  1.603879e+00]
 [ 4.537074e-01  4.275259e+00]
 [ 2.477381e-01  5.756673e+00]
 [ 7.995591e-02  6.231642e+00]
 [ 2.592563e-03  6.282233e+00]
 [-2.016324e-03 -6.212320e+00]
 [ 7.593335e-02 -6.163590e+00]
 [ 2.435155e-01 -5.696131e+00]
 [ 4.466879e-01 -4.231825e+00]
 [ 5.928608e-01 -1.592777e+00]
 [ 5.952495e-01  1.584123e+00]
 [ 4.506403e-01  4.221792e+00]
 [ 2.461047e-01  5.685244e+00]
 [ 7.889324e-02  6.154696e+00]
 [ 1.693259e-03  6.204591e+00]
 [ 2.353461e-03 -6.040427e+00]
 [ 7.561767e-02 -5.993986e+00]
 [ 2.323643e-01 -5.541316e+00]
 [ 4.200063e-01 -4.117320e+00]
 [ 5.519494e-01 -1.548793e+00]
 [ 5.516557e-01  1.541052e+00]
 [ 4.179354e-01  4.106201e+00]
 [ 2.281075e-01  5.529723e+00]
 [ 7.174891e-02  5.986564e+00]
 [-6.044351e-04  6.034843e+00]
 [ 6.346142e-03 -5.826149e+00]
 [ 6.250316e-02 -5.783080e+00]
 [ 1.819080e-01 -5.350629e+00]
 [ 3.222596e-01 -3.979431e+00]
 [ 4.173262e-01 -1.498379e+00]
 [ 4.139226e-01  1.487456e+00]
 [ 3.136039e-01  3.965216e+00]
 [ 1.708480e-01  5.338015e+00]
 [ 5.225443e-02  5.778416e+00]
 [-2.635747e-03  5.824736e+00]
 [ 3.959377e-03 -5.668078e+00]
 [ 2.677308e-02 -5.627749e+00]
 [ 7.507676e-02 -5.211627e+00]
 [ 1.304712e-01 -3.881920e+00]
 [ 1.656017e-01 -1.465447e+00]
 [ 1.619636e-01  1.447705e+00]
 [ 1.223110e-01  3.864097e+00]
 [ 6.614275e-02  5.198911e+00]
 [ 1.941144e-02  5.627570e+00]
 [-1.866183e-03  5.673274e+00]
 [-1.064498e-03 -5.659501e+00]
 [-1.971183e-02 -5.619172e+00]
 [-5.956909e-02 -5.204705e+00]
 [-1.080792e-01 -3.879613e+00]
 [-1.442211e-01 -1.467649e+00]
 [-1.474142e-01  1.444153e+00]
 [-1.142613e-01  3.860636e+00]
 [-6.446297e-02  5.194023e+00]
 [-2.233343e-02  5.624286e+00]
 [-2.227157e-03  5.671803e+00]
 [ 3.708071e-03 -5.801045e+00]
 [-4.825463e-02 -5.759091e+00]
 [-1.611314e-01 -5.333443e+00]
 [-3.003528e-01 -3.976684e+00]
 [-4.036881e-01 -1.508022e+00]
 [-4.119946e-01  1.475603e+00]
 [-3.187271e-01  3.956134e+00]
 [-1.795966e-01  5.326187e+00]
 [-6.374072e-02  5.769790e+00]
 [-9.900704e-03  5.819954e+00]
 [ 1.957957e-02 -5.998432e+00]
 [-4.826304e-02 -5.956810e+00]
 [-1.994877e-01 -5.520531e+00]
 [-3.937153e-01 -4.122492e+00]
 [-5.447724e-01 -1.571231e+00]
 [-5.627913e-01  1.519765e+00]
 [-4.369169e-01  4.093989e+00]
 [-2.483283e-01  5.515604e+00]
 [-9.295931e-02  5.975026e+00]
 [-2.138511e-02  6.026972e+00]
 [ 3.712285e-02 -6.153460e+00]
 [-3.322383e-02 -6.114579e+00]
 [-1.940859e-01 -5.675144e+00]
 [-4.088510e-01 -4.248479e+00]
 [-5.832402e-01 -1.629202e+00]
 [-6.103541e-01  1.554274e+00]
 [-4.757120e-01  4.207686e+00]
 [-2.722267e-01  5.670867e+00]
 [-1.054254e-01  6.141973e+00]
 [-2.879046e-02  6.194892e+00]
 [ 4.663274e-02 -6.222149e+00]
 [-2.243972e-02 -6.185380e+00]
 [-1.826276e-01 -5.746439e+00]
 [-4.009173e-01 -4.308520e+00]
 [-5.821509e-01 -1.658037e+00]
 [-6.137772e-01  1.569383e+00]
 [-4.794745e-01  4.260046e+00]
 [-2.750989e-01  5.742235e+00]
 [-1.077594e-01  6.218524e+00]
 [-3.089736e-02  6.271870e+00]
 [ 2.592563e-03  6.282233e+00]
 [-7.492681e-02  6.232462e+00]
 [-2.441358e-01  5.763537e+00]
 [-4.536956e-01  4.292698e+00]
 [-6.037610e-01  1.615787e+00]
 [-6.073843e-01 -1.610001e+00]
 [-4.624452e-01 -4.285338e+00]
 [-2.527918e-01 -5.769328e+00]
 [-7.934932e-02 -6.244722e+00]
 [ 1.104492e-03 -6.295047e+00]
 [ 1.693259e-03  6.204591e+00]
 [-7.568686e-02  6.155171e+00]
 [-2.446206e-01  5.691066e+00]
 [-4.538890e-01  4.237883e+00]
 [-6.034741e-01  1.594872e+00]
 [-6.058745e-01 -1.590516e+00]
 [-4.599656e-01 -4.231197e+00]
 [-2.497991e-01 -5.695656e+00]
 [-7.612022e-02 -6.164664e+00]
 [ 4.340363e-03 -6.214149e+00]
 [-6.044351e-04  6.034843e+00]
 [-7.314170e-02  5.986180e+00]
 [-2.313496e-01  5.532702e+00]
 [-4.268146e-01  4.118268e+00]
 [-5.650445e-01  1.550142e+00]
 [-5.636522e-01 -1.546548e+00]
 [-4.246839e-01 -4.112110e+00]
 [-2.273751e-01 -5.534202e+00]
 [-6.499347e-02 -5.989647e+00]
 [ 9.982807e-03 -6.037647e+00]
 [-2.635747e-03  5.824736e+00]
 [-5.753189e-02  5.777286e+00]
 [-1.764720e-01  5.337950e+00]
 [-3.214315e-01  3.972637e+00]
 [-4.208863e-01  1.498433e+00]
 [-4.149175e-01 -1.489442e+00]
 [-3.096619e-01 -3.965274e+00]
 [-1.636813e-01 -5.336726e+00]
 [-4.424592e-02 -5.776569e+00]
 [ 1.064396e-02 -5.823421e+00]
 [-1.866183e-03  5.673274e+00]
 [-2.276869e-02  5.627829e+00]
 [-6.652055e-02  5.201418e+00]
 [-1.169575e-01  3.873578e+00]
 [-1.486372e-01  1.466706e+00]
 [-1.431682e-01 -1.447281e+00]
 [-1.063094e-01 -3.864218e+00]
 [-5.649637e-02 -5.201635e+00]
 [-1.583854e-02 -5.631576e+00]
 [ 2.655828e-03 -5.678313e+00]
 [-2.227157e-03  5.671803e+00]
 [ 1.839816e-02  5.628499e+00]
 [ 6.485098e-02  5.206286e+00]
 [ 1.239759e-01  3.880532e+00]
 [ 1.675169e-01  1.472824e+00]
 [ 1.700279e-01 -1.446916e+00]
 [ 1.292876e-01 -3.869859e+00]
 [ 7.078617e-02 -5.209150e+00]
 [ 2.226844e-02 -5.640833e+00]
 [-4.756311e-04 -5.688645e+00]
 [-9.900704e-03  5.819954e+00]
 [ 4.415552e-02  5.777024e+00]
 [ 1.619103e-01  5.346336e+00]
 [ 3.065689e-01  3.986263e+00]
 [ 4.118175e-01  1.515225e+00]
 [ 4.195927e-01 -1.482008e+00]
 [ 3.255500e-01 -3.971215e+00]
 [ 1.856402e-01 -5.348198e+00]
 [ 6.775412e-02 -5.793845e+00]
 [ 1.257121e-02 -5.844042e+00]
 [-2.138511e-02  6.026972e+00]
 [ 5.011921e-02  5.982647e+00]
 [ 2.051822e-01  5.537460e+00]
 [ 3.970908e-01  4.131380e+00]
 [ 5.432234e-01  1.577549e+00]
 [ 5.648016e-01 -1.523446e+00]
 [ 4.485712e-01 -4.104987e+00]
 [ 2.650577e-01 -5.537405e+00]
 [ 1.074451e-01 -6.003653e+00]
 [ 3.328566e-02 -6.057188e+00]
 [-2.879046e-02  6.194892e+00]
 [ 4.773864e-02  6.149158e+00]
 [ 2.141971e-01  5.692721e+00]
 [ 4.237110e-01  4.252490e+00]
 [ 5.910351e-01  1.634682e+00]
 [ 6.262259e-01 -1.551495e+00]
 [ 5.062794e-01 -4.212183e+00]
 [ 3.061881e-01 -5.693670e+00]
 [ 1.315533e-01 -6.178575e+00]
 [ 4.894909e-02 -6.235294e+00]
 [-3.089736e-02  6.271870e+00]
 [ 4.590330e-02  6.225551e+00]
 [ 2.134372e-01  5.764440e+00]
 [ 4.265317e-01  4.309791e+00]
 [ 6.010021e-01  1.663504e+00]
 [ 6.428710e-01 -1.562663e+00]
 [ 5.240299e-01 -4.261626e+00]
 [ 3.200202e-01 -5.767264e+00]
 [ 1.405298e-01 -6.261536e+00]
 [ 5.538380e-02 -6.319936e+00]
 [ 1.104492e-03 -6.295047e+00]
 [ 8.181322e-02 -6.244017e+00]
 [ 2.574098e-01 -5.767137e+00]
 [ 4.716880e-01 -4.282406e+00]
 [ 6.227359e-01 -1.609705e+00]
 [ 6.325545e-01  1.606907e+00]
 [ 4.997154e-01  4.285118e+00]
 [ 3.097656e-01  5.749234e+00]
 [ 1.655882e-01  6.200950e+00]
 [ 1.039502e-01  6.252085e+00]
 [ 4.340363e-03 -6.214149e+00]
 [ 8.494508e-02 -6.163562e+00]
 [ 2.597850e-01 -5.692476e+00]
 [ 4.716941e-01 -4.227405e+00]
 [ 6.194054e-01 -1.588570e+00]
 [ 6.274696e-01  1.590028e+00]
 [ 4.954309e-01  4.235258e+00]
 [ 3.083016e-01  5.685660e+00]
 [ 1.672757e-01  6.138739e+00]
 [ 1.072680e-01  6.192659e+00]
 [ 9.982807e-03 -6.037647e+00]
 [ 8.486570e-02 -5.988448e+00]
 [ 2.462317e-01 -5.531197e+00]
 [ 4.390655e-01 -4.110265e+00]
 [ 5.704356e-01 -1.544799e+00]
 [ 5.746298e-01  1.552740e+00]
 [ 4.526967e-01  4.128040e+00]
 [ 2.830833e-01  5.550621e+00]
 [ 1.570521e-01  6.007806e+00]
 [ 1.038660e-01  6.068065e+00]
 [ 1.064396e-02 -5.823421e+00]
 [ 6.523636e-02 -5.776751e+00]
 [ 1.818284e-01 -5.338482e+00]
 [ 3.186885e-01 -3.973125e+00]
 [ 4.096476e-01 -1.495478e+00]
 [ 4.102753e-01  1.506577e+00]
 [ 3.211142e-01  3.999809e+00]
 [ 1.997144e-01  5.392162e+00]
 [ 1.112734e-01  5.856146e+00]
 [ 7.428800e-02  5.924331e+00]
 [ 2.655828e-03 -5.678313e+00]
 [ 2.084863e-02 -5.634207e+00]
 [ 5.882601e-02 -5.210865e+00]
 [ 1.016710e-01 -3.884481e+00]
 [ 1.291202e-01 -1.464486e+00]
 [ 1.280678e-01  1.474370e+00]
 [ 9.574186e-02  3.912013e+00]
 [ 5.336724e-02  5.286949e+00]
 [ 2.424162e-02  5.757340e+00]
 [ 1.220752e-02  5.830711e+00]
 [-4.756311e-04 -5.688645e+00]
 [-2.346451e-02 -5.645647e+00]
 [-7.396247e-02 -5.224019e+00]
 [-1.359947e-01 -3.896359e+00]
 [-1.805534e-01 -1.470385e+00]
 [-1.868388e-01  1.473128e+00]
 [-1.577482e-01  3.911723e+00]
 [-1.132833e-01  5.291896e+00]
 [-7.829528e-02  5.763986e+00]
 [-6.382596e-02  5.835762e+00]
 [ 1.257121e-02 -5.844042e+00]
 [-4.293975e-02 -5.800748e+00]
 [-1.635874e-01 -5.368112e+00]
 [-3.101186e-01 -4.003037e+00]
 [-4.180576e-01 -1.516213e+00]
 [-4.378900e-01  1.495677e+00]
 [-3.640559e-01  3.992468e+00]
 [-2.504547e-01  5.398772e+00]
 [-1.649579e-01  5.865945e+00]
 [-1.300660e-01  5.928937e+00]
 [ 3.328566e-02 -6.057188e+00]
 [-4.141979e-02 -6.013282e+00]
 [-2.039831e-01 -5.565036e+00]
 [-4.028850e-01 -4.150565e+00]
 [-5.554849e-01 -1.585246e+00]
 [-5.923725e-01  1.522383e+00]
 [-4.948933e-01  4.106520e+00]
 [-3.391711e-01  5.547807e+00]
 [-2.235667e-01  6.005380e+00]
 [-1.769114e-01  6.055985e+00]
 [ 4.894909e-02 -6.235294e+00]
 [-3.444665e-02 -6.191161e+00]
 [-2.164745e-01 -5.730438e+00]
 [-4.411291e-01 -4.276631e+00]
 [-6.188277e-01 -1.648582e+00]
 [-6.687291e-01  1.541027e+00]
 [-5.617018e-01  4.203044e+00]
 [-3.860893e-01  5.673610e+00]
 [-2.569318e-01  6.121484e+00]
 [-2.052486e-01  6.161230e+00]
 [ 5.538380e-02 -6.319936e+00]
 [-3.069109e-02 -6.275833e+00]
 [-2.189343e-01 -5.809470e+00]
 [-4.523539e-01 -4.337603e+00]
 [-6.395053e-01 -1.680459e+00]
 [-6.950672e-01  1.548837e+00]
 [-5.853443e-01  4.249249e+00]
 [-4.033661e-01  5.733683e+00]
 [-2.701459e-01  6.176455e+00]
 [-2.170505e-01  6.210885e+00]]