[[[  0.         0.      ]
  [  0.289935   0.      ]
  [  0.099442   0.      ]
  [  0.327994   0.      ]
  [  1.253713   0.      ]
  [  1.041544   0.      ]
  [  1.009277   0.      ]
  [  2.396739   0.      ]
  [  1.932824   0.      ]
  [  0.         0.      ]
  [  0.         0.289935]
  [  0.27789    0.27789 ]
  [  0.095311  -0.368347]
  [  0.314368   0.841563]
  [  1.201629   0.474656]
  [  0.998274  -0.58327 ]
  [  0.967349   0.936634]
  [  2.297171   1.367319]
  [  1.852528  -4.238611]
  [  0.         0.289935]
  [  0.         0.099442]
  [ -0.368347   0.095311]
  [ -0.126336  -0.126337]
  [ -0.416699   0.28864 ]
  [ -1.592776   0.162798]
  [ -1.323227  -0.200051]
  [ -1.282234   0.321248]
  [ -3.044931   0.468964]
  [ -2.455551  -1.453766]
  [  0.         0.099442]
  [  0.         0.327994]
  [  0.841563   0.314368]
  [  0.28864   -0.416699]
  [  0.952032   0.952032]
  [  3.639015   0.536962]
  [  3.023174  -0.659835]
  [  2.929519   1.059584]
  [  6.956753   1.546802]
  [  5.610197  -4.795003]
  [  0.         0.327994]
  [  0.         1.253713]
  [  0.474656   1.201629]
  [  0.162798  -1.592776]
  [  0.536962   3.639015]
  [  2.052467   2.052466]
  [  1.705122  -2.522128]
  [  1.652298   4.050115]
  [  3.923727   5.912445]
  [  3.164246 -18.328247]
  [  0.         1.253713]
  [  0.         1.041544]
  [ -0.58327    0.998274]
  [ -0.200051  -1.323226]
  [ -0.659835   3.023174]
  [ -2.522127   1.705122]
  [ -2.0953    -2.0953  ]
  [ -2.030389   3.364702]
  [ -4.821583   4.911867]
  [ -3.888313 -15.226508]
  [  0.         1.041544]
  [  0.         1.009277]
  [  0.936634   0.967348]
  [  0.321248  -1.282234]
  [  1.059584   2.929519]
  [  4.050114   1.652299]
  [  3.364703  -2.03039 ]
  [  3.260465   3.260467]
  [  7.742658   4.759699]
  [  6.243981 -14.754799]
  [  0.         1.009277]
  [  0.         2.396739]
  [  1.367319   2.297171]
  [  0.468965  -3.044931]
  [  1.546803   6.956752]
  [  5.912444   3.923727]
  [  4.911866  -4.821585]
  [  4.7597     7.742657]
  [ 11.302899  11.302899]
  [  9.115098 -35.038353]
  [  0.         2.396739]
  [  0.         1.932824]
  [ -4.238611   1.852528]
  [ -1.453766  -2.455551]
  [ -4.795003   5.610196]
  [-18.328247   3.164247]
  [-15.22651   -3.888314]
  [-14.754803   6.243981]
  [-35.038357   9.115098]
  [-28.256294 -28.256294]
  [  0.         1.932824]
  [  0.         0.      ]
  [  0.289935   0.      ]
  [  0.099442   0.      ]
  [  0.327994   0.      ]
  [  1.253713   0.      ]
  [  1.041544   0.      ]
  [  1.009277   0.      ]
  [  2.396739   0.      ]
  [  1.932824   0.      ]
  [  0.         0.      ]]

 [[  0.         0.      ]
  [  0.289935   0.      ]
  [  0.099442   0.      ]
  [  0.327994   0.      ]
  [  1.253713   0.      ]
  [  1.041544   0.      ]
  [  1.009277   0.      ]
  [  2.396739   0.      ]
  [  1.932824   0.      ]
  [  0.         0.      ]
  [  0.         0.289935]
  [  0.27789    0.27789 ]
  [  0.095311  -0.368347]
  [  0.314368   0.841563]
  [  1.201629   0.474656]
  [  0.998274  -0.58327 ]
  [  0.967349   0.936634]
  [  2.297171   1.367319]
  [  1.852528  -4.238611]
  [  0.         0.289935]
  [  0.         0.099442]
  [ -0.368347   0.095311]
  [ -0.126336  -0.126337]
  [ -0.416699   0.28864 ]
  [ -1.592776   0.162798]
  [ -1.323227  -0.200051]
  [ -1.282234   0.321248]
  [ -3.044931   0.468964]
  [ -2.455551  -1.453766]
  [  0.         0.099442]
  [  0.         0.327994]
  [  0.841563   0.314368]
  [  0.28864   -0.416699]
  [  0.952032   0.952032]
  [  3.639015   0.536962]
  [  3.023174  -0.659835]
  [  2.929519   1.059584]
  [  6.956753   1.546802]
  [  5.610197  -4.795003]
  [  0.         0.327994]
  [  0.         1.253713]
  [  0.474656   1.201629]
  [  0.162798  -1.592776]
  [  0.536962   3.639015]
  [  2.052467   2.052466]
  [  1.705122  -2.522128]
  [  1.652298   4.050115]
  [  3.923727   5.912445]
  [  3.164246 -18.328247]
  [  0.         1.253713]
  [  0.         1.041544]
  [ -0.58327    0.998274]
  [ -0.200051  -1.323226]
  [ -0.659835   3.023174]
  [ -2.522127   1.705122]
  [ -2.0953    -2.0953  ]
  [ -2.030389   3.364702]
  [ -4.821583   4.911867]
  [ -3.888313 -15.226508]
  [  0.         1.041544]
  [  0.         1.009277]
  [  0.936634   0.967348]
  [  0.321248  -1.282234]
  [  1.059584   2.929519]
  [  4.050114   1.652299]
  [  3.364703  -2.03039 ]
  [  3.260465   3.260467]
  [  7.742658   4.759699]
  [  6.243981 -14.754799]
  [  0.         1.009277]
  [  0.         2.396739]
  [  1.367319   2.297171]
  [  0.468965  -3.044931]
  [  1.546803   6.956752]
  [  5.912444   3.923727]
  [  4.911866  -4.821585]
  [  4.7597     7.742657]
  [ 11.302899  11.302899]
  [  9.115098 -35.038353]
  [  0.         2.396739]
  [  0.         1.932824]
  [ -4.238611   1.852528]
  [ -1.453766  -2.455551]
  [ -4.795003   5.610196]
  [-18.328247   3.164247]
  [-15.22651   -3.888314]
  [-14.754803   6.243981]
  [-35.038357   9.115098]
  [-28.256294 -28.256294]
  [  0.         1.932824]
  [  0.         0.      ]
  [  0.289935   0.      ]
  [  0.099442   0.      ]
  [  0.327994   0.      ]
  [  1.253713   0.      ]
  [  1.041544   0.      ]
  [  1.009277   0.      ]
  [  2.396739   0.      ]
  [  1.932824   0.      ]
  [  0.         0.      ]]

 [[  0.         0.      ]
  [  0.289935   0.      ]
  [  0.099442   0.      ]
  [  0.327994   0.      ]
  [  1.253713   0.      ]
  [  1.041544   0.      ]
  [  1.009277   0.      ]
  [  2.396739   0.      ]
  [  1.932824   0.      ]
  [  0.         0.      ]
  [  0.         0.289935]
  [  0.27789    0.27789 ]
  [  0.095311  -0.368347]
  [  0.314368   0.841563]
  [  1.201629   0.474656]
  [  0.998274  -0.58327 ]
  [  0.967349   0.936634]
  [  2.297171   1.367319]
  [  1.852528  -4.238611]
  [  0.         0.289935]
  [  0.         0.099442]
  [ -0.368347   0.095311]
  [ -0.126336  -0.126337]
  [ -0.416699   0.28864 ]
  [ -1.592776   0.162798]
  [ -1.323227  -0.200051]
  [ -1.282234   0.321248]
  [ -3.044931   0.468964]
  [ -2.455551  -1.453766]
  [  0.         0.099442]
  [  0.         0.327994]
  [  0.841563   0.314368]
  [  0.28864   -0.416699]
  [  0.952032   0.952032]
  [  3.639015   0.536962]
  [  3.023174  -0.659835]
  [  2.929519   1.059584]
  [  6.956753   1.546802]
  [  5.610197  -4.795003]
  [  0.         0.327994]
  [  0.         1.253713]
  [  0.474656   1.201629]
  [  0.162798  -1.592776]
  [  0.536962   3.639015]
  [  2.052467   2.052466]
  [  1.705122  -2.522128]
  [  1.652298   4.050115]
  [  3.923727   5.912445]
  [  3.164246 -18.328247]
  [  0.         1.253713]
  [  0.         1.041544]
  [ -0.58327    0.998274]
  [ -0.200051  -1.323226]
  [ -0.659835   3.023174]
  [ -2.522127   1.705122]
  [ -2.0953    -2.0953  ]
  [ -2.030389   3.364702]
  [ -4.821583   4.911867]
  [ -3.888313 -15.226508]
  [  0.         1.041544]
  [  0.         1.009277]
  [  0.936634   0.967348]
  [  0.321248  -1.282234]
  [  1.059584   2.929519]
  [  4.050114   1.652299]
  [  3.364703  -2.03039 ]
  [  3.260465   3.260467]
  [  7.742658   4.759699]
  [  6.243981 -14.754799]
  [  0.         1.009277]
  [  0.         2.396739]
  [  1.367319   2.297171]
  [  0.468965  -3.044931]
  [  1.546803   6.956752]
  [  5.912444   3.923727]
  [  4.911866  -4.821585]
  [  4.7597     7.742657]
  [ 11.302899  11.302899]
  [  9.115098 -35.038353]
  [  0.         2.396739]
  [  0.         1.932824]
  [ -4.238611   1.852528]
  [ -1.453766  -2.455551]
  [ -4.795003   5.610196]
  [-18.328247   3.164247]
  [-15.22651   -3.888314]
  [-14.754803   6.243981]
  [-35.038357   9.115098]
  [-28.256294 -28.256294]
  [  0.         1.932824]
  [  0.         0.      ]
  [  0.289935   0.      ]
  [  0.099442   0.      ]
  [  0.327994   0.      ]
  [  1.253713   0.      ]
  [  1.041544   0.      ]
  [  1.009277   0.      ]
  [  2.396739   0.      ]
  [  1.932824   0.      ]
  [  0.         0.      ]]

 [[  0.         0.      ]
  [  0.289935   0.      ]
  [  0.099442   0.      ]
  [  0.327994   0.      ]
  [  1.253713   0.      ]
  [  1.041544   0.      ]
  [  1.009277   0.      ]
  [  2.396739   0.      ]
  [  1.932824   0.      ]
  [  0.         0.      ]
  [  0.         0.289935]
  [  0.27789    0.27789 ]
  [  0.095311  -0.368347]
  [  0.314368   0.841563]
  [  1.201629   0.474656]
  [  0.998274  -0.58327 ]
  [  0.967349   0.936634]
  [  2.297171   1.367319]
  [  1.852528  -4.238611]
  [  0.         0.289935]
  [  0.         0.099442]
  [ -0.368347   0.095311]
  [ -0.126336  -0.126337]
  [ -0.416699   0.28864 ]
  [ -1.592776   0.162798]
  [ -1.323227  -0.200051]
  [ -1.282234   0.321248]
  [ -3.044931   0.468964]
  [ -2.455551  -1.453766]
  [  0.         0.099442]
  [  0.         0.327994]
  [  0.841563   0.314368]
  [  0.28864   -0.416699]
  [  0.952032   0.952032]
  [  3.639015   0.536962]
  [  3.023174  -0.659835]
  [  2.929519   1.059584]
  [  6.956753   1.546802]
  [  5.610197  -4.795003]
  [  0.         0.327994]
  [  0.         1.253713]
  [  0.474656   1.201629]
  [  0.162798  -1.592776]
  [  0.536962   3.639015]
  [  2.052467   2.052466]
  [  1.705122  -2.522128]
  [  1.652298   4.050115]
  [  3.923727   5.912445]
  [  3.164246 -18.328247]
  [  0.         1.253713]
  [  0.         1.041544]
  [ -0.58327    0.998274]
  [ -0.200051  -1.323226]
  [ -0.659835   3.023174]
  [ -2.522127   1.705122]
  [ -2.0953    -2.0953  ]
  [ -2.030389   3.364702]
  [ -4.821583   4.911867]
  [ -3.888313 -15.226508]
  [  0.         1.041544]
  [  0.         1.009277]
  [  0.936634   0.967348]
  [  0.321248  -1.282234]
  [  1.059584   2.929519]
  [  4.050114   1.652299]
  [  3.364703  -2.03039 ]
  [  3.260465   3.260467]
  [  7.742658   4.759699]
  [  6.243981 -14.754799]
  [  0.         1.009277]
  [  0.         2.396739]
  [  1.367319   2.297171]
  [  0.468965  -3.044931]
  [  1.546803   6.956752]
  [  5.912444   3.923727]
  [  4.911866  -4.821585]
  [  4.7597     7.742657]
  [ 11.302899  11.302899]
  [  9.115098 -35.038353]
  [  0.         2.396739]
  [  0.         1.932824]
  [ -4.238611   1.852528]
  [ -1.453766  -2.455551]
  [ -4.795003   5.610196]
  [-18.328247   3.164247]
  [-15.22651   -3.888314]
  [-14.754803   6.243981]
  [-35.038357   9.115098]
  [-28.256294 -28.256294]
  [  0.         1.932824]
  [  0.         0.      ]
  [  0.289935   0.      ]
  [  0.099442   0.      ]
  [  0.327994   0.      ]
  [  1.253713   0.      ]
  [  1.041544   0.      ]
  [  1.009277   0.      ]
  [  2.396739   0.      ]
  [  1.932824   0.      ]
  [  0.         0.      ]]

 [[  0.         0.      ]
  [  0.289935   0.      ]
  [  0.099442   0.      ]
  [  0.327994   0.      ]
  [  1.253713   0.      ]
  [  1.041544   0.      ]
  [  1.009277   0.      ]
  [  2.396739   0.      ]
  [  1.932824   0.      ]
  [  0.         0.      ]
  [  0.         0.289935]
  [  0.27789    0.27789 ]
  [  0.095311  -0.368347]
  [  0.314368   0.841563]
  [  1.201629   0.474656]
  [  0.998274  -0.58327 ]
  [  0.967349   0.936634]
  [  2.297171   1.367319]
  [  1.852528  -4.238611]
  [  0.         0.289935]
  [  0.         0.099442]
  [ -0.368347   0.095311]
  [ -0.126336  -0.126337]
  [ -0.416699   0.28864 ]
  [ -1.592776   0.162798]
  [ -1.323227  -0.200051]
  [ -1.282234   0.321248]
  [ -3.044931   0.468964]
  [ -2.455551  -1.453766]
  [  0.         0.099442]
  [  0.         0.327994]
  [  0.841563   0.314368]
  [  0.28864   -0.416699]
  [  0.952032   0.952032]
  [  3.639015   0.536962]
  [  3.023174  -0.659835]
  [  2.929519   1.059584]
  [  6.956753   1.546802]
  [  5.610197  -4.795003]
  [  0.         0.327994]
  [  0.         1.253713]
  [  0.474656   1.201629]
  [  0.162798  -1.592776]
  [  0.536962   3.639015]
  [  2.052467   2.052466]
  [  1.705122  -2.522128]
  [  1.652298   4.050115]
  [  3.923727   5.912445]
  [  3.164246 -18.328247]
  [  0.         1.253713]
  [  0.         1.041544]
  [ -0.58327    0.998274]
  [ -0.200051  -1.323226]
  [ -0.659835   3.023174]
  [ -2.522127   1.705122]
  [ -2.0953    -2.0953  ]
  [ -2.030389   3.364702]
  [ -4.821583   4.911867]
  [ -3.888313 -15.226508]
  [  0.         1.041544]
  [  0.         1.009277]
  [  0.936634   0.967348]
  [  0.321248  -1.282234]
  [  1.059584   2.929519]
  [  4.050114   1.652299]
  [  3.364703  -2.03039 ]
  [  3.260465   3.260467]
  [  7.742658   4.759699]
  [  6.243981 -14.754799]
  [  0.         1.009277]
  [  0.         2.396739]
  [  1.367319   2.297171]
  [  0.468965  -3.044931]
  [  1.546803   6.956752]
  [  5.912444   3.923727]
  [  4.911866  -4.821585]
  [  4.7597     7.742657]
  [ 11.302899  11.302899]
  [  9.115098 -35.038353]
  [  0.         2.396739]
  [  0.         1.932824]
  [ -4.238611   1.852528]
  [ -1.453766  -2.455551]
  [ -4.795003   5.610196]
  [-18.328247   3.164247]
  [-15.22651   -3.888314]
  [-14.754803   6.243981]
  [-35.038357   9.115098]
  [-28.256294 -28.256294]
  [  0.         1.932824]
  [  0.         0.      ]
  [  0.289935   0.      ]
  [  0.099442   0.      ]
  [  0.327994   0.      ]
  [  1.253713   0.      ]
  [  1.041544   0.      ]
  [  1.009277   0.      ]
  [  2.396739   0.      ]
  [  1.932824   0.      ]
  [  0.         0.      ]]

 [[  0.         0.      ]
  [  0.289935   0.      ]
  [  0.099442   0.      ]
  [  0.327994   0.      ]
  [  1.253713   0.      ]
  [  1.041544   0.      ]
  [  1.009277   0.      ]
  [  2.396739   0.      ]
  [  1.932824   0.      ]
  [  0.         0.      ]
  [  0.         0.289935]
  [  0.27789    0.27789 ]
  [  0.095311  -0.368347]
  [  0.314368   0.841563]
  [  1.201629   0.474656]
  [  0.998274  -0.58327 ]
  [  0.967349   0.936634]
  [  2.297171   1.367319]
  [  1.852528  -4.238611]
  [  0.         0.289935]
  [  0.         0.099442]
  [ -0.368347   0.095311]
  [ -0.126336  -0.126337]
  [ -0.416699   0.28864 ]
  [ -1.592776   0.162798]
  [ -1.323227  -0.200051]
  [ -1.282234   0.321248]
  [ -3.044931   0.468964]
  [ -2.455551  -1.453766]
  [  0.         0.099442]
  [  0.         0.327994]
  [  0.841563   0.314368]
  [  0.28864   -0.416699]
  [  0.952032   0.952032]
  [  3.639015   0.536962]
  [  3.023174  -0.659835]
  [  2.929519   1.059584]
  [  6.956753   1.546802]
  [  5.610197  -4.795003]
  [  0.         0.327994]
  [  0.         1.253713]
  [  0.474656   1.201629]
  [  0.162798  -1.592776]
  [  0.536962   3.639015]
  [  2.052467   2.052466]
  [  1.705122  -2.522128]
  [  1.652298   4.050115]
  [  3.923727   5.912445]
  [  3.164246 -18.328247]
  [  0.         1.253713]
  [  0.         1.041544]
  [ -0.58327    0.998274]
  [ -0.200051  -1.323226]
  [ -0.659835   3.023174]
  [ -2.522127   1.705122]
  [ -2.0953    -2.0953  ]
  [ -2.030389   3.364702]
  [ -4.821583   4.911867]
  [ -3.888313 -15.226508]
  [  0.         1.041544]
  [  0.         1.009277]
  [  0.936634   0.967348]
  [  0.321248  -1.282234]
  [  1.059584   2.929519]
  [  4.050114   1.652299]
  [  3.364703  -2.03039 ]
  [  3.260465   3.260467]
  [  7.742658   4.759699]
  [  6.243981 -14.754799]
  [  0.         1.009277]
  [  0.         2.396739]
  [  1.367319   2.297171]
  [  0.468965  -3.044931]
  [  1.546803   6.956752]
  [  5.912444   3.923727]
  [  4.911866  -4.821585]
  [  4.7597     7.742657]
  [ 11.302899  11.302899]
  [  9.115098 -35.038353]
  [  0.         2.396739]
  [  0.         1.932824]
  [ -4.238611   1.852528]
  [ -1.453766  -2.455551]
  [ -4.795003   5.610196]
  [-18.328247   3.164247]
  [-15.22651   -3.888314]
  [-14.754803   6.243981]
  [-35.038357   9.115098]
  [-28.256294 -28.256294]
  [  0.         1.932824]
  [  0.         0.      ]
  [  0.289935   0.      ]
  [  0.099442   0.      ]
  [  0.327994   0.      ]
  [  1.253713   0.      ]
  [  1.041544   0.      ]
  [  1.009277   0.      ]
  [  2.396739   0.      ]
  [  1.932824   0.      ]
  [  0.         0.      ]]

 [[  0.         0.      ]
  [  0.289935   0.      ]
  [  0.099442   0.      ]
  [  0.327994   0.      ]
  [  1.253713   0.      ]
  [  1.041544   0.      ]
  [  1.009277   0.      ]
  [  2.396739   0.      ]
  [  1.932824   0.      ]
  [  0.         0.      ]
  [  0.         0.289935]
  [  0.27789    0.27789 ]
  [  0.095311  -0.368347]
  [  0.314368   0.841563]
  [  1.201629   0.474656]
  [  0.998274  -0.58327 ]
  [  0.967349   0.936634]
  [  2.297171   1.367319]
  [  1.852528  -4.238611]
  [  0.         0.289935]
  [  0.         0.099442]
  [ -0.368347   0.095311]
  [ -0.126336  -0.126337]
  [ -0.416699   0.28864 ]
  [ -1.592776   0.162798]
  [ -1.323227  -0.200051]
  [ -1.282234   0.321248]
  [ -3.044931   0.468964]
  [ -2.455551  -1.453766]
  [  0.         0.099442]
  [  0.         0.327994]
  [  0.841563   0.314368]
  [  0.28864   -0.416699]
  [  0.952032   0.952032]
  [  3.639015   0.536962]
  [  3.023174  -0.659835]
  [  2.929519   1.059584]
  [  6.956753   1.546802]
  [  5.610197  -4.795003]
  [  0.         0.327994]
  [  0.         1.253713]
  [  0.474656   1.201629]
  [  0.162798  -1.592776]
  [  0.536962   3.639015]
  [  2.052467   2.052466]
  [  1.705122  -2.522128]
  [  1.652298   4.050115]
  [  3.923727   5.912445]
  [  3.164246 -18.328247]
  [  0.         1.253713]
  [  0.         1.041544]
  [ -0.58327    0.998274]
  [ -0.200051  -1.323226]
  [ -0.659835   3.023174]
  [ -2.522127   1.705122]
  [ -2.0953    -2.0953  ]
  [ -2.030389   3.364702]
  [ -4.821583   4.911867]
  [ -3.888313 -15.226508]
  [  0.         1.041544]
  [  0.         1.009277]
  [  0.936634   0.967348]
  [  0.321248  -1.282234]
  [  1.059584   2.929519]
  [  4.050114   1.652299]
  [  3.364703  -2.03039 ]
  [  3.260465   3.260467]
  [  7.742658   4.759699]
  [  6.243981 -14.754799]
  [  0.         1.009277]
  [  0.         2.396739]
  [  1.367319   2.297171]
  [  0.468965  -3.044931]
  [  1.546803   6.956752]
  [  5.912444   3.923727]
  [  4.911866  -4.821585]
  [  4.7597     7.742657]
  [ 11.302899  11.302899]
  [  9.115098 -35.038353]
  [  0.         2.396739]
  [  0.         1.932824]
  [ -4.238611   1.852528]
  [ -1.453766  -2.455551]
  [ -4.795003   5.610196]
  [-18.328247   3.164247]
  [-15.22651   -3.888314]
  [-14.754803   6.243981]
  [-35.038357   9.115098]
  [-28.256294 -28.256294]
  [  0.         1.932824]
  [  0.         0.      ]
  [  0.289935   0.      ]
  [  0.099442   0.      ]
  [  0.327994   0.      ]
  [  1.253713   0.      ]
  [  1.041544   0.      ]
  [  1.009277   0.      ]
  [  2.396739   0.      ]
  [  1.932824   0.      ]
  [  0.         0.      ]]

 [[  0.         0.      ]
  [  0.289935   0.      ]
  [  0.099442   0.      ]
  [  0.327994   0.      ]
  [  1.253713   0.      ]
  [  1.041544   0.      ]
  [  1.009277   0.      ]
  [  2.396739   0.      ]
  [  1.932824   0.      ]
  [  0.         0.      ]
  [  0.         0.289935]
  [  0.27789    0.27789 ]
  [  0.095311  -0.368347]
  [  0.314368   0.841563]
  [  1.201629   0.474656]
  [  0.998274  -0.58327 ]
  [  0.967349   0.936634]
  [  2.297171   1.367319]
  [  1.852528  -4.238611]
  [  0.         0.289935]
  [  0.         0.099442]
  [ -0.368347   0.095311]
  [ -0.126336  -0.126337]
  [ -0.416699   0.28864 ]
  [ -1.592776   0.162798]
  [ -1.323227  -0.200051]
  [ -1.282234   0.321248]
  [ -3.044931   0.468964]
  [ -2.455551  -1.453766]
  [  0.         0.099442]
  [  0.         0.327994]
  [  0.841563   0.314368]
  [  0.28864   -0.416699]
  [  0.952032   0.952032]
  [  3.639015   0.536962]
  [  3.023174  -0.659835]
  [  2.929519   1.059584]
  [  6.956753   1.546802]
  [  5.610197  -4.795003]
  [  0.         0.327994]
  [  0.         1.253713]
  [  0.474656   1.201629]
  [  0.162798  -1.592776]
  [  0.536962   3.639015]
  [  2.052467   2.052466]
  [  1.705122  -2.522128]
  [  1.652298   4.050115]
  [  3.923727   5.912445]
  [  3.164246 -18.328247]
  [  0.         1.253713]
  [  0.         1.041544]
  [ -0.58327    0.998274]
  [ -0.200051  -1.323226]
  [ -0.659835   3.023174]
  [ -2.522127   1.705122]
  [ -2.0953    -2.0953  ]
  [ -2.030389   3.364702]
  [ -4.821583   4.911867]
  [ -3.888313 -15.226508]
  [  0.         1.041544]
  [  0.         1.009277]
  [  0.936634   0.967348]
  [  0.321248  -1.282234]
  [  1.059584   2.929519]
  [  4.050114   1.652299]
  [  3.364703  -2.03039 ]
  [  3.260465   3.260467]
  [  7.742658   4.759699]
  [  6.243981 -14.754799]
  [  0.         1.009277]
  [  0.         2.396739]
  [  1.367319   2.297171]
  [  0.468965  -3.044931]
  [  1.546803   6.956752]
  [  5.912444   3.923727]
  [  4.911866  -4.821585]
  [  4.7597     7.742657]
  [ 11.302899  11.302899]
  [  9.115098 -35.038353]
  [  0.         2.396739]
  [  0.         1.932824]
  [ -4.238611   1.852528]
  [ -1.453766  -2.455551]
  [ -4.795003   5.610196]
  [-18.328247   3.164247]
  [-15.22651   -3.888314]
  [-14.754803   6.243981]
  [-35.038357   9.115098]
  [-28.256294 -28.256294]
  [  0.         1.932824]
  [  0.         0.      ]
  [  0.289935   0.      ]
  [  0.099442   0.      ]
  [  0.327994   0.      ]
  [  1.253713   0.      ]
  [  1.041544   0.      ]
  [  1.009277   0.      ]
  [  2.396739   0.      ]
  [  1.932824   0.      ]
  [  0.         0.      ]]

 [[  0.         0.      ]
  [  0.289935   0.      ]
  [  0.099442   0.      ]
  [  0.327994   0.      ]
  [  1.253713   0.      ]
  [  1.041544   0.      ]
  [  1.009277   0.      ]
  [  2.396739   0.      ]
  [  1.932824   0.      ]
  [  0.         0.      ]
  [  0.         0.289935]
  [  0.27789    0.27789 ]
  [  0.095311  -0.368347]
  [  0.314368   0.841563]
  [  1.201629   0.474656]
  [  0.998274  -0.58327 ]
  [  0.967349   0.936634]
  [  2.297171   1.367319]
  [  1.852528  -4.238611]
  [  0.         0.289935]
  [  0.         0.099442]
  [ -0.368347   0.095311]
  [ -0.126336  -0.126337]
  [ -0.416699   0.28864 ]
  [ -1.592776   0.162798]
  [ -1.323227  -0.200051]
  [ -1.282234   0.321248]
  [ -3.044931   0.468964]
  [ -2.455551  -1.453766]
  [  0.         0.099442]
  [  0.         0.327994]
  [  0.841563   0.314368]
  [  0.28864   -0.416699]
  [  0.952032   0.952032]
  [  3.639015   0.536962]
  [  3.023174  -0.659835]
  [  2.929519   1.059584]
  [  6.956753   1.546802]
  [  5.610197  -4.795003]
  [  0.         0.327994]
  [  0.         1.253713]
  [  0.474656   1.201629]
  [  0.162798  -1.592776]
  [  0.536962   3.639015]
  [  2.052467   2.052466]
  [  1.705122  -2.522128]
  [  1.652298   4.050115]
  [  3.923727   5.912445]
  [  3.164246 -18.328247]
  [  0.         1.253713]
  [  0.         1.041544]
  [ -0.58327    0.998274]
  [ -0.200051  -1.323226]
  [ -0.659835   3.023174]
  [ -2.522127   1.705122]
  [ -2.0953    -2.0953  ]
  [ -2.030389   3.364702]
  [ -4.821583   4.911867]
  [ -3.888313 -15.226508]
  [  0.         1.041544]
  [  0.         1.009277]
  [  0.936634   0.967348]
  [  0.321248  -1.282234]
  [  1.059584   2.929519]
  [  4.050114   1.652299]
  [  3.364703  -2.03039 ]
  [  3.260465   3.260467]
  [  7.742658   4.759699]
  [  6.243981 -14.754799]
  [  0.         1.009277]
  [  0.         2.396739]
  [  1.367319   2.297171]
  [  0.468965  -3.044931]
  [  1.546803   6.956752]
  [  5.912444   3.923727]
  [  4.911866  -4.821585]
  [  4.7597     7.742657]
  [ 11.302899  11.302899]
  [  9.115098 -35.038353]
  [  0.         2.396739]
  [  0.         1.932824]
  [ -4.238611   1.852528]
  [ -1.453766  -2.455551]
  [ -4.795003   5.610196]
  [-18.328247   3.164247]
  [-15.22651   -3.888314]
  [-14.754803   6.243981]
  [-35.038357   9.115098]
  [-28.256294 -28.256294]
  [  0.         1.932824]
  [  0.         0.      ]
  [  0.289935   0.      ]
  [  0.099442   0.      ]
  [  0.327994   0.      ]
  [  1.253713   0.      ]
  [  1.041544   0.      ]
  [  1.009277   0.      ]
  [  2.396739   0.      ]
  [  1.932824   0.      ]
  [  0.         0.      ]]

 [[  0.         0.      ]
  [  0.289935   0.      ]
  [  0.099442   0.      ]
  [  0.327994   0.      ]
  [  1.253713   0.      ]
  [  1.041544   0.      ]
  [  1.009277   0.      ]
  [  2.396739   0.      ]
  [  1.932824   0.      ]
  [  0.         0.      ]
  [  0.         0.289935]
  [  0.27789    0.27789 ]
  [  0.095311  -0.368347]
  [  0.314368   0.841563]
  [  1.201629   0.474656]
  [  0.998274  -0.58327 ]
  [  0.967349   0.936634]
  [  2.297171   1.367319]
  [  1.852528  -4.238611]
  [  0.         0.289935]
  [  0.         0.099442]
  [ -0.368347   0.095311]
  [ -0.126336  -0.126337]
  [ -0.416699   0.28864 ]
  [ -1.592776   0.162798]
  [ -1.323227  -0.200051]
  [ -1.282234   0.321248]
  [ -3.044931   0.468964]
  [ -2.455551  -1.453766]
  [  0.         0.099442]
  [  0.         0.327994]
  [  0.841563   0.314368]
  [  0.28864   -0.416699]
  [  0.952032   0.952032]
  [  3.639015   0.536962]
  [  3.023174  -0.659835]
  [  2.929519   1.059584]
  [  6.956753   1.546802]
  [  5.610197  -4.795003]
  [  0.         0.327994]
  [  0.         1.253713]
  [  0.474656   1.201629]
  [  0.162798  -1.592776]
  [  0.536962   3.639015]
  [  2.052467   2.052466]
  [  1.705122  -2.522128]
  [  1.652298   4.050115]
  [  3.923727   5.912445]
  [  3.164246 -18.328247]
  [  0.         1.253713]
  [  0.         1.041544]
  [ -0.58327    0.998274]
  [ -0.200051  -1.323226]
  [ -0.659835   3.023174]
  [ -2.522127   1.705122]
  [ -2.0953    -2.0953  ]
  [ -2.030389   3.364702]
  [ -4.821583   4.911867]
  [ -3.888313 -15.226508]
  [  0.         1.041544]
  [  0.         1.009277]
  [  0.936634   0.967348]
  [  0.321248  -1.282234]
  [  1.059584   2.929519]
  [  4.050114   1.652299]
  [  3.364703  -2.03039 ]
  [  3.260465   3.260467]
  [  7.742658   4.759699]
  [  6.243981 -14.754799]
  [  0.         1.009277]
  [  0.         2.396739]
  [  1.367319   2.297171]
  [  0.468965  -3.044931]
  [  1.546803   6.956752]
  [  5.912444   3.923727]
  [  4.911866  -4.821585]
  [  4.7597     7.742657]
  [ 11.302899  11.302899]
  [  9.115098 -35.038353]
  [  0.         2.396739]
  [  0.         1.932824]
  [ -4.238611   1.852528]
  [ -1.453766  -2.455551]
  [ -4.795003   5.610196]
  [-18.328247   3.164247]
  [-15.22651   -3.888314]
  [-14.754803   6.243981]
  [-35.038357   9.115098]
  [-28.256294 -28.256294]
  [  0.         1.932824]
  [  0.         0.      ]
  [  0.289935   0.      ]
  [  0.099442   0.      ]
  [  0.327994   0.      ]
  [  1.253713   0.      ]
  [  1.041544   0.      ]
  [  1.009277   0.      ]
  [  2.396739   0.      ]
  [  1.932824   0.      ]
  [  0.         0.      ]]

 [[  0.         0.      ]
  [  0.289935   0.      ]
  [  0.099442   0.      ]
  [  0.327994   0.      ]
  [  1.253713   0.      ]
  [  1.041544   0.      ]
  [  1.009277   0.      ]
  [  2.396739   0.      ]
  [  1.932824   0.      ]
  [  0.         0.      ]
  [  0.         0.289935]
  [  0.27789    0.27789 ]
  [  0.095311  -0.368347]
  [  0.314368   0.841563]
  [  1.201629   0.474656]
  [  0.998274  -0.58327 ]
  [  0.967349   0.936634]
  [  2.297171   1.367319]
  [  1.852528  -4.238611]
  [  0.         0.289935]
  [  0.         0.099442]
  [ -0.368347   0.095311]
  [ -0.126336  -0.126337]
  [ -0.416699   0.28864 ]
  [ -1.592776   0.162798]
  [ -1.323227  -0.200051]
  [ -1.282234   0.321248]
  [ -3.044931   0.468964]
  [ -2.455551  -1.453766]
  [  0.         0.099442]
  [  0.         0.327994]
  [  0.841563   0.314368]
  [  0.28864   -0.416699]
  [  0.952032   0.952032]
  [  3.639015   0.536962]
  [  3.023174  -0.659835]
  [  2.929519   1.059584]
  [  6.956753   1.546802]
  [  5.610197  -4.795003]
  [  0.         0.327994]
  [  0.         1.253713]
  [  0.474656   1.201629]
  [  0.162798  -1.592776]
  [  0.536962   3.639015]
  [  2.052467   2.052466]
  [  1.705122  -2.522128]
  [  1.652298   4.050115]
  [  3.923727   5.912445]
  [  3.164246 -18.328247]
  [  0.         1.253713]
  [  0.         1.041544]
  [ -0.58327    0.998274]
  [ -0.200051  -1.323226]
  [ -0.659835   3.023174]
  [ -2.522127   1.705122]
  [ -2.0953    -2.0953  ]
  [ -2.030389   3.364702]
  [ -4.821583   4.911867]
  [ -3.888313 -15.226508]
  [  0.         1.041544]
  [  0.         1.009277]
  [  0.936634   0.967348]
  [  0.321248  -1.282234]
  [  1.059584   2.929519]
  [  4.050114   1.652299]
  [  3.364703  -2.03039 ]
  [  3.260465   3.260467]
  [  7.742658   4.759699]
  [  6.243981 -14.754799]
  [  0.         1.009277]
  [  0.         2.396739]
  [  1.367319   2.297171]
  [  0.468965  -3.044931]
  [  1.546803   6.956752]
  [  5.912444   3.923727]
  [  4.911866  -4.821585]
  [  4.7597     7.742657]
  [ 11.302899  11.302899]
  [  9.115098 -35.038353]
  [  0.         2.396739]
  [  0.         1.932824]
  [ -4.238611   1.852528]
  [ -1.453766  -2.455551]
  [ -4.795003   5.610196]
  [-18.328247   3.164247]
  [-15.22651   -3.888314]
  [-14.754803   6.243981]
  [-35.038357   9.115098]
  [-28.256294 -28.256294]
  [  0.         1.932824]
  [  0.         0.      ]
  [  0.289935   0.      ]
  [  0.099442   0.      ]
  [  0.327994   0.      ]
  [  1.253713   0.      ]
  [  1.041544   0.      ]
  [  1.009277   0.      ]
  [  2.396739   0.      ]
  [  1.932824   0.      ]
  [  0.         0.      ]]

 [[  0.         0.      ]
  [  0.289935   0.      ]
  [  0.099442   0.      ]
  [  0.327994   0.      ]
  [  1.253713   0.      ]
  [  1.041544   0.      ]
  [  1.009277   0.      ]
  [  2.396739   0.      ]
  [  1.932824   0.      ]
  [  0.         0.      ]
  [  0.         0.289935]
  [  0.27789    0.27789 ]
  [  0.095311  -0.368347]
  [  0.314368   0.841563]
  [  1.201629   0.474656]
  [  0.998274  -0.58327 ]
  [  0.967349   0.936634]
  [  2.297171   1.367319]
  [  1.852528  -4.238611]
  [  0.         0.289935]
  [  0.         0.099442]
  [ -0.368347   0.095311]
  [ -0.126336  -0.126337]
  [ -0.416699   0.28864 ]
  [ -1.592776   0.162798]
  [ -1.323227  -0.200051]
  [ -1.282234   0.321248]
  [ -3.044931   0.468964]
  [ -2.455551  -1.453766]
  [  0.         0.099442]
  [  0.         0.327994]
  [  0.841563   0.314368]
  [  0.28864   -0.416699]
  [  0.952032   0.952032]
  [  3.639015   0.536962]
  [  3.023174  -0.659835]
  [  2.929519   1.059584]
  [  6.956753   1.546802]
  [  5.610197  -4.795003]
  [  0.         0.327994]
  [  0.         1.253713]
  [  0.474656   1.201629]
  [  0.162798  -1.592776]
  [  0.536962   3.639015]
  [  2.052467   2.052466]
  [  1.705122  -2.522128]
  [  1.652298   4.050115]
  [  3.923727   5.912445]
  [  3.164246 -18.328247]
  [  0.         1.253713]
  [  0.         1.041544]
  [ -0.58327    0.998274]
  [ -0.200051  -1.323226]
  [ -0.659835   3.023174]
  [ -2.522127   1.705122]
  [ -2.0953    -2.0953  ]
  [ -2.030389   3.364702]
  [ -4.821583   4.911867]
  [ -3.888313 -15.226508]
  [  0.         1.041544]
  [  0.         1.009277]
  [  0.936634   0.967348]
  [  0.321248  -1.282234]
  [  1.059584   2.929519]
  [  4.050114   1.652299]
  [  3.364703  -2.03039 ]
  [  3.260465   3.260467]
  [  7.742658   4.759699]
  [  6.243981 -14.754799]
  [  0.         1.009277]
  [  0.         2.396739]
  [  1.367319   2.297171]
  [  0.468965  -3.044931]
  [  1.546803   6.956752]
  [  5.912444   3.923727]
  [  4.911866  -4.821585]
  [  4.7597     7.742657]
  [ 11.302899  11.302899]
  [  9.115098 -35.038353]
  [  0.         2.396739]
  [  0.         1.932824]
  [ -4.238611   1.852528]
  [ -1.453766  -2.455551]
  [ -4.795003   5.610196]
  [-18.328247   3.164247]
  [-15.22651   -3.888314]
  [-14.754803   6.243981]
  [-35.038357   9.115098]
  [-28.256294 -28.256294]
  [  0.         1.932824]
  [  0.         0.      ]
  [  0.289935   0.      ]
  [  0.099442   0.      ]
  [  0.327994   0.      ]
  [  1.253713   0.      ]
  [  1.041544   0.      ]
  [  1.009277   0.      ]
  [  2.396739   0.      ]
  [  1.932824   0.      ]
  [  0.         0.      ]]

 [[  0.         0.      ]
  [  0.289935   0.      ]
  [  0.099442   0.      ]
  [  0.327994   0.      ]
  [  1.253713   0.      ]
  [  1.041544   0.      ]
  [  1.009277   0.      ]
  [  2.396739   0.      ]
  [  1.932824   0.      ]
  [  0.         0.      ]
  [  0.         0.289935]
  [  0.27789    0.27789 ]
  [  0.095311  -0.368347]
  [  0.314368   0.841563]
  [  1.201629   0.474656]
  [  0.998274  -0.58327 ]
  [  0.967349   0.936634]
  [  2.297171   1.367319]
  [  1.852528  -4.238611]
  [  0.         0.289935]
  [  0.         0.099442]
  [ -0.368347   0.095311]
  [ -0.126336  -0.126337]
  [ -0.416699   0.28864 ]
  [ -1.592776   0.162798]
  [ -1.323227  -0.200051]
  [ -1.282234   0.321248]
  [ -3.044931   0.468964]
  [ -2.455551  -1.453766]
  [  0.         0.099442]
  [  0.         0.327994]
  [  0.841563   0.314368]
  [  0.28864   -0.416699]
  [  0.952032   0.952032]
  [  3.639015   0.536962]
  [  3.023174  -0.659835]
  [  2.929519   1.059584]
  [  6.956753   1.546802]
  [  5.610197  -4.795003]
  [  0.         0.327994]
  [  0.         1.253713]
  [  0.474656   1.201629]
  [  0.162798  -1.592776]
  [  0.536962   3.639015]
  [  2.052467   2.052466]
  [  1.705122  -2.522128]
  [  1.652298   4.050115]
  [  3.923727   5.912445]
  [  3.164246 -18.328247]
  [  0.         1.253713]
  [  0.         1.041544]
  [ -0.58327    0.998274]
  [ -0.200051  -1.323226]
  [ -0.659835   3.023174]
  [ -2.522127   1.705122]
  [ -2.0953    -2.0953  ]
  [ -2.030389   3.364702]
  [ -4.821583   4.911867]
  [ -3.888313 -15.226508]
  [  0.         1.041544]
  [  0.         1.009277]
  [  0.936634   0.967348]
  [  0.321248  -1.282234]
  [  1.059584   2.929519]
  [  4.050114   1.652299]
  [  3.364703  -2.03039 ]
  [  3.260465   3.260467]
  [  7.742658   4.759699]
  [  6.243981 -14.754799]
  [  0.         1.009277]
  [  0.         2.396739]
  [  1.367319   2.297171]
  [  0.468965  -3.044931]
  [  1.546803   6.956752]
  [  5.912444   3.923727]
  [  4.911866  -4.821585]
  [  4.7597     7.742657]
  [ 11.302899  11.302899]
  [  9.115098 -35.038353]
  [  0.         2.396739]
  [  0.         1.932824]
  [ -4.238611   1.852528]
  [ -1.453766  -2.455551]
  [ -4.795003   5.610196]
  [-18.328247   3.164247]
  [-15.22651   -3.888314]
  [-14.754803   6.243981]
  [-35.038357   9.115098]
  [-28.256294 -28.256294]
  [  0.         1.932824]
  [  0.         0.      ]
  [  0.289935   0.      ]
  [  0.099442   0.      ]
  [  0.327994   0.      ]
  [  1.253713   0.      ]
  [  1.041544   0.      ]
  [  1.009277   0.      ]
  [  2.396739   0.      ]
  [  1.932824   0.      ]
  [  0.         0.      ]]

 [[  0.         0.      ]
  [  0.289935   0.      ]
  [  0.099442   0.      ]
  [  0.327994   0.      ]
  [  1.253713   0.      ]
  [  1.041544   0.      ]
  [  1.009277   0.      ]
  [  2.396739   0.      ]
  [  1.932824   0.      ]
  [  0.         0.      ]
  [  0.         0.289935]
  [  0.27789    0.27789 ]
  [  0.095311  -0.368347]
  [  0.314368   0.841563]
  [  1.201629   0.474656]
  [  0.998274  -0.58327 ]
  [  0.967349   0.936634]
  [  2.297171   1.367319]
  [  1.852528  -4.238611]
  [  0.         0.289935]
  [  0.         0.099442]
  [ -0.368347   0.095311]
  [ -0.126336  -0.126337]
  [ -0.416699   0.28864 ]
  [ -1.592776   0.162798]
  [ -1.323227  -0.200051]
  [ -1.282234   0.321248]
  [ -3.044931   0.468964]
  [ -2.455551  -1.453766]
  [  0.         0.099442]
  [  0.         0.327994]
  [  0.841563   0.314368]
  [  0.28864   -0.416699]
  [  0.952032   0.952032]
  [  3.639015   0.536962]
  [  3.023174  -0.659835]
  [  2.929519   1.059584]
  [  6.956753   1.546802]
  [  5.610197  -4.795003]
  [  0.         0.327994]
  [  0.         1.253713]
  [  0.474656   1.201629]
  [  0.162798  -1.592776]
  [  0.536962   3.639015]
  [  2.052467   2.052466]
  [  1.705122  -2.522128]
  [  1.652298   4.050115]
  [  3.923727   5.912445]
  [  3.164246 -18.328247]
  [  0.         1.253713]
  [  0.         1.041544]
  [ -0.58327    0.998274]
  [ -0.200051  -1.323226]
  [ -0.659835   3.023174]
  [ -2.522127   1.705122]
  [ -2.0953    -2.0953  ]
  [ -2.030389   3.364702]
  [ -4.821583   4.911867]
  [ -3.888313 -15.226508]
  [  0.         1.041544]
  [  0.         1.009277]
  [  0.936634   0.967348]
  [  0.321248  -1.282234]
  [  1.059584   2.929519]
  [  4.050114   1.652299]
  [  3.364703  -2.03039 ]
  [  3.260465   3.260467]
  [  7.742658   4.759699]
  [  6.243981 -14.754799]
  [  0.         1.009277]
  [  0.         2.396739]
  [  1.367319   2.297171]
  [  0.468965  -3.044931]
  [  1.546803   6.956752]
  [  5.912444   3.923727]
  [  4.911866  -4.821585]
  [  4.7597     7.742657]
  [ 11.302899  11.302899]
  [  9.115098 -35.038353]
  [  0.         2.396739]
  [  0.         1.932824]
  [ -4.238611   1.852528]
  [ -1.453766  -2.455551]
  [ -4.795003   5.610196]
  [-18.328247   3.164247]
  [-15.22651   -3.888314]
  [-14.754803   6.243981]
  [-35.038357   9.115098]
  [-28.256294 -28.256294]
  [  0.         1.932824]
  [  0.         0.      ]
  [  0.289935   0.      ]
  [  0.099442   0.      ]
  [  0.327994   0.      ]
  [  1.253713   0.      ]
  [  1.041544   0.      ]
  [  1.009277   0.      ]
  [  2.396739   0.      ]
  [  1.932824   0.      ]
  [  0.         0.      ]]

 [[  0.         0.      ]
  [  0.289935   0.      ]
  [  0.099442   0.      ]
  [  0.327994   0.      ]
  [  1.253713   0.      ]
  [  1.041544   0.      ]
  [  1.009277   0.      ]
  [  2.396739   0.      ]
  [  1.932824   0.      ]
  [  0.         0.      ]
  [  0.         0.289935]
  [  0.27789    0.27789 ]
  [  0.095311  -0.368347]
  [  0.314368   0.841563]
  [  1.201629   0.474656]
  [  0.998274  -0.58327 ]
  [  0.967349   0.936634]
  [  2.297171   1.367319]
  [  1.852528  -4.238611]
  [  0.         0.289935]
  [  0.         0.099442]
  [ -0.368347   0.095311]
  [ -0.126336  -0.126337]
  [ -0.416699   0.28864 ]
  [ -1.592776   0.162798]
  [ -1.323227  -0.200051]
  [ -1.282234   0.321248]
  [ -3.044931   0.468964]
  [ -2.455551  -1.453766]
  [  0.         0.099442]
  [  0.         0.327994]
  [  0.841563   0.314368]
  [  0.28864   -0.416699]
  [  0.952032   0.952032]
  [  3.639015   0.536962]
  [  3.023174  -0.659835]
  [  2.929519   1.059584]
  [  6.956753   1.546802]
  [  5.610197  -4.795003]
  [  0.         0.327994]
  [  0.         1.253713]
  [  0.474656   1.201629]
  [  0.162798  -1.592776]
  [  0.536962   3.639015]
  [  2.052467   2.052466]
  [  1.705122  -2.522128]
  [  1.652298   4.050115]
  [  3.923727   5.912445]
  [  3.164246 -18.328247]
  [  0.         1.253713]
  [  0.         1.041544]
  [ -0.58327    0.998274]
  [ -0.200051  -1.323226]
  [ -0.659835   3.023174]
  [ -2.522127   1.705122]
  [ -2.0953    -2.0953  ]
  [ -2.030389   3.364702]
  [ -4.821583   4.911867]
  [ -3.888313 -15.226508]
  [  0.         1.041544]
  [  0.         1.009277]
  [  0.936634   0.967348]
  [  0.321248  -1.282234]
  [  1.059584   2.929519]
  [  4.050114   1.652299]
  [  3.364703  -2.03039 ]
  [  3.260465   3.260467]
  [  7.742658   4.759699]
  [  6.243981 -14.754799]
  [  0.         1.009277]
  [  0.         2.396739]
  [  1.367319   2.297171]
  [  0.468965  -3.044931]
  [  1.546803   6.956752]
  [  5.912444   3.923727]
  [  4.911866  -4.821585]
  [  4.7597     7.742657]
  [ 11.302899  11.302899]
  [  9.115098 -35.038353]
  [  0.         2.396739]
  [  0.         1.932824]
  [ -4.238611   1.852528]
  [ -1.453766  -2.455551]
  [ -4.795003   5.610196]
  [-18.328247   3.164247]
  [-15.22651   -3.888314]
  [-14.754803   6.243981]
  [-35.038357   9.115098]
  [-28.256294 -28.256294]
  [  0.         1.932824]
  [  0.         0.      ]
  [  0.289935   0.      ]
  [  0.099442   0.      ]
  [  0.327994   0.      ]
  [  1.253713   0.      ]
  [  1.041544   0.      ]
  [  1.009277   0.      ]
  [  2.396739   0.      ]
  [  1.932824   0.      ]
  [  0.         0.      ]]

 [[  0.         0.      ]
  [  0.289935   0.      ]
  [  0.099442   0.      ]
  [  0.327994   0.      ]
  [  1.253713   0.      ]
  [  1.041544   0.      ]
  [  1.009277   0.      ]
  [  2.396739   0.      ]
  [  1.932824   0.      ]
  [  0.         0.      ]
  [  0.         0.289935]
  [  0.27789    0.27789 ]
  [  0.095311  -0.368347]
  [  0.314368   0.841563]
  [  1.201629   0.474656]
  [  0.998274  -0.58327 ]
  [  0.967349   0.936634]
  [  2.297171   1.367319]
  [  1.852528  -4.238611]
  [  0.         0.289935]
  [  0.         0.099442]
  [ -0.368347   0.095311]
  [ -0.126336  -0.126337]
  [ -0.416699   0.28864 ]
  [ -1.592776   0.162798]
  [ -1.323227  -0.200051]
  [ -1.282234   0.321248]
  [ -3.044931   0.468964]
  [ -2.455551  -1.453766]
  [  0.         0.099442]
  [  0.         0.327994]
  [  0.841563   0.314368]
  [  0.28864   -0.416699]
  [  0.952032   0.952032]
  [  3.639015   0.536962]
  [  3.023174  -0.659835]
  [  2.929519   1.059584]
  [  6.956753   1.546802]
  [  5.610197  -4.795003]
  [  0.         0.327994]
  [  0.         1.253713]
  [  0.474656   1.201629]
  [  0.162798  -1.592776]
  [  0.536962   3.639015]
  [  2.052467   2.052466]
  [  1.705122  -2.522128]
  [  1.652298   4.050115]
  [  3.923727   5.912445]
  [  3.164246 -18.328247]
  [  0.         1.253713]
  [  0.         1.041544]
  [ -0.58327    0.998274]
  [ -0.200051  -1.323226]
  [ -0.659835   3.023174]
  [ -2.522127   1.705122]
  [ -2.0953    -2.0953  ]
  [ -2.030389   3.364702]
  [ -4.821583   4.911867]
  [ -3.888313 -15.226508]
  [  0.         1.041544]
  [  0.         1.009277]
  [  0.936634   0.967348]
  [  0.321248  -1.282234]
  [  1.059584   2.929519]
  [  4.050114   1.652299]
  [  3.364703  -2.03039 ]
  [  3.260465   3.260467]
  [  7.742658   4.759699]
  [  6.243981 -14.754799]
  [  0.         1.009277]
  [  0.         2.396739]
  [  1.367319   2.297171]
  [  0.468965  -3.044931]
  [  1.546803   6.956752]
  [  5.912444   3.923727]
  [  4.911866  -4.821585]
  [  4.7597     7.742657]
  [ 11.302899  11.302899]
  [  9.115098 -35.038353]
  [  0.         2.396739]
  [  0.         1.932824]
  [ -4.238611   1.852528]
  [ -1.453766  -2.455551]
  [ -4.795003   5.610196]
  [-18.328247   3.164247]
  [-15.22651   -3.888314]
  [-14.754803   6.243981]
  [-35.038357   9.115098]
  [-28.256294 -28.256294]
  [  0.         1.932824]
  [  0.         0.      ]
  [  0.289935   0.      ]
  [  0.099442   0.      ]
  [  0.327994   0.      ]
  [  1.253713   0.      ]
  [  1.041544   0.      ]
  [  1.009277   0.      ]
  [  2.396739   0.      ]
  [  1.932824   0.      ]
  [  0.         0.      ]]]