[[[ 0.000000e+00]
  [ 5.859020e-02]
  [ 2.751022e-02]
  [ 1.380803e-01]
  [ 7.267668e-01]
  [ 6.538667e-01]
  [ 5.105958e-01]
  [ 6.658207e-01]
  [ 1.489097e-01]
  [ 0.000000e+00]
  [-1.720206e+00]
  [-1.584187e+00]
  [ 2.062761e+00]
  [-3.377445e+00]
  [-7.287782e-02]
  [-2.950516e-01]]

 [[ 4.418619e+00]
  [ 8.422647e+00]
  [-2.608780e+01]
  [ 1.807947e+00]
  [-5.853915e-01]
  [-6.354080e-01]
  [ 6.524872e-01]
  [-1.344772e+00]
  [-1.085230e+00]
  [-1.023659e+00]
  [ 7.679436e-01]
  [ 1.888234e+00]
  [-8.877551e+00]
  [ 6.012450e-01]
  [-1.911873e+00]
  [-1.653838e+00]]

 [[ 2.297247e+00]
  [-3.465083e+00]
  [ 6.754054e-01]
  [ 2.420223e-01]
  [ 5.119883e+00]
  [ 9.442899e+00]
  [-2.744125e+01]
  [ 1.910906e+00]
  [-7.263014e+00]
  [-6.821552e+00]
  [ 8.425762e+00]
  [-1.412710e+01]
  [-2.648431e+00]
  [-3.358787e+00]
  [ 1.587012e+01]
  [ 3.099916e+01]]

 [[-1.030541e+02]
  [ 7.112123e+00]
  [-6.066002e+00]
  [-5.761277e+00]
  [ 7.002869e+00]
  [-1.183386e+01]
  [-2.256336e+00]
  [-2.720109e+00]
  [ 1.320189e+01]
  [ 2.579062e+01]
  [-8.545444e+01]
  [ 5.903157e+00]
  [-5.996979e+00]
  [-5.750302e+00]
  [ 6.878087e+00]
  [-1.212932e+01]]

 [[-4.196383e+00]
  [-4.343558e+00]
  [ 1.186515e+01]
  [ 2.395784e+01]
  [-8.536308e+01]
  [ 5.867013e+00]
  [-1.464451e+01]
  [-1.406946e+01]
  [ 1.684939e+01]
  [-2.968376e+01]
  [-9.681387e+00]
  [-1.010087e+01]
  [ 2.964240e+01]
  [ 5.960852e+01]
  [-2.098386e+02]
  [ 1.443766e+01]]

 [[-1.209323e+01]
  [-1.082531e+01]
  [ 1.449696e+01]
  [-2.157008e+01]
  [ 6.405015e+00]
  [ 3.290952e+00]
  [ 3.313146e+01]
  [ 6.048475e+01]
  [-1.713831e+02]
  [ 1.197952e+01]
  [ 0.000000e+00]
  [-4.431710e-02]
  [-3.113537e-02]
  [-1.672381e-01]
  [-7.990381e-01]
  [-6.466433e-01]]

 [[-4.714918e-01]
  [-6.068326e-01]
  [-1.503591e-01]
  [ 0.000000e+00]
  [ 0.000000e+00]
  [-3.152299e-02]
  [-3.021762e-02]
  [-1.708628e-01]
  [-7.960357e-01]
  [-6.072642e-01]
  [-4.152439e-01]
  [-5.146253e-01]
  [-1.283207e-01]
  [ 0.000000e+00]
  [ 1.807947e+00]
  [ 1.689170e+00]]

 [[-2.130380e+00]
  [ 3.392218e+00]
  [-1.118106e-02]
  [ 3.679984e-01]
  [-4.371922e+00]
  [-8.243860e+00]
  [ 2.579818e+01]
  [-1.787027e+00]
  [ 6.012450e-01]
  [ 6.056168e-01]
  [-6.673532e-01]
  [ 1.374077e+00]
  [ 1.156193e+00]
  [ 1.030456e+00]
  [-8.213032e-01]
  [-1.959646e+00]]

 [[ 8.831881e+00]
  [-5.980017e-01]
  [ 1.910906e+00]
  [ 1.763364e+00]
  [-2.279994e+00]
  [ 3.469228e+00]
  [-7.404611e-01]
  [-2.723291e-01]
  [-5.115617e+00]
  [-9.394205e+00]
  [ 2.741408e+01]
  [-1.908826e+00]
  [ 7.112123e+00]
  [ 6.753004e+00]
  [-8.306385e+00]
  [ 1.401576e+01]]

 [[ 2.645980e+00]
  [ 3.392635e+00]
  [-1.587335e+01]
  [-3.100591e+01]
  [ 1.030671e+02]
  [-7.110746e+00]
  [ 5.903157e+00]
  [ 5.608999e+00]
  [-6.903215e+00]
  [ 1.163087e+01]
  [ 2.082913e+00]
  [ 2.718138e+00]
  [-1.325667e+01]
  [-2.583579e+01]
  [ 8.559383e+01]
  [-5.906579e+00]]

 [[ 5.867013e+00]
  [ 5.630925e+00]
  [-6.800410e+00]
  [ 1.198184e+01]
  [ 4.161435e+00]
  [ 4.448356e+00]
  [-1.193099e+01]
  [-2.412082e+01]
  [ 8.553862e+01]
  [-5.877567e+00]
  [ 1.443766e+01]
  [ 1.384160e+01]
  [-1.675371e+01]
  [ 2.931023e+01]
  [ 9.367962e+00]
  [ 1.019191e+01]]

 [[-2.989648e+01]
  [-5.995860e+01]
  [ 2.104258e+02]
  [-1.446266e+01]
  [ 1.197952e+01]
  [ 1.105290e+01]
  [-1.434712e+01]
  [ 2.157541e+01]
  [-5.863967e+00]
  [-2.915838e+00]
  [-3.317521e+01]
  [-6.075106e+01]
  [ 1.715072e+02]
  [-1.199290e+01]
  [ 0.000000e+00]
  [ 2.393934e-02]]

 [[ 2.516873e-02]
  [ 1.496253e-01]
  [ 7.505858e-01]
  [ 6.258993e-01]
  [ 4.638659e-01]
  [ 6.149327e-01]
  [ 1.699912e-01]
  [ 0.000000e+00]
  [ 0.000000e+00]
  [ 1.972896e-02]
  [ 2.155545e-02]
  [ 1.342024e-01]
  [ 7.072201e-01]
  [ 6.219471e-01]
  [ 4.886516e-01]
  [ 7.010078e-01]]

 [[ 2.439535e-01]
  [ 0.000000e+00]
  [-1.787027e+00]
  [-1.680637e+00]
  [ 2.106177e+00]
  [-3.427959e+00]
  [-8.965915e-02]
  [-3.183195e-01]
  [ 4.392857e+00]
  [ 8.393412e+00]
  [-2.581521e+01]
  [ 1.796774e+00]
  [-5.980017e-01]
  [-5.929319e-01]
  [ 6.707437e-01]
  [-1.350065e+00]]

 [[-1.096380e+00]
  [-1.025275e+00]
  [ 7.698117e-01]
  [ 1.840817e+00]
  [-8.916508e+00]
  [ 5.994910e-01]
  [-1.908826e+00]
  [-1.767720e+00]
  [ 2.272701e+00]
  [-3.489238e+00]
  [ 6.754174e-01]
  [ 2.609662e-01]
  [ 5.117179e+00]
  [ 9.476936e+00]
  [-2.733100e+01]
  [ 1.910012e+00]]

 [[-7.110746e+00]
  [-6.749531e+00]
  [ 8.297330e+00]
  [-1.404059e+01]
  [-2.686129e+00]
  [-3.372043e+00]
  [ 1.585555e+01]
  [ 3.103864e+01]
  [-1.031161e+02]
  [ 7.116645e+00]
  [-5.906579e+00]
  [-5.601166e+00]
  [ 6.900371e+00]
  [-1.163678e+01]
  [-2.090564e+00]
  [-2.709069e+00]]

 [[ 1.324057e+01]
  [ 2.585796e+01]
  [-8.568444e+01]
  [ 5.911447e+00]
  [-5.877567e+00]
  [-5.647364e+00]
  [ 6.791381e+00]
  [-1.198589e+01]
  [-4.172714e+00]
  [-4.421135e+00]
  [ 1.191246e+01]
  [ 2.407277e+01]
  [-8.561131e+01]
  [ 5.878577e+00]
  [-1.446266e+01]
  [-1.384899e+01]]

 [[ 1.674229e+01]
  [-2.928617e+01]
  [-9.380828e+00]
  [-1.020671e+01]
  [ 2.978925e+01]
  [ 5.985959e+01]
  [-2.104220e+02]
  [ 1.446495e+01]
  [-1.199290e+01]
  [-1.110591e+01]
  [ 1.431985e+01]
  [-2.161753e+01]
  [ 5.964728e+00]
  [ 2.998454e+00]
  [ 3.309458e+01]
  [ 6.052193e+01]]

 [[-1.716991e+02]
  [ 1.199740e+01]
  [ 0.000000e+00]
  [-1.998455e-02]
  [-2.377887e-02]
  [-1.471835e-01]
  [-7.573810e-01]
  [-6.332897e-01]
  [-4.634302e-01]
  [-5.989874e-01]
  [-1.533904e-01]
  [ 0.000000e+00]
  [ 0.000000e+00]
  [-9.127604e-03]
  [-2.058109e-02]
  [-1.409719e-01]]

 [[-7.551000e-01]
  [-6.649824e-01]
  [-5.394153e-01]
  [-8.691893e-01]
  [-4.149997e-01]
  [ 0.000000e+00]
  [ 1.796774e+00]
  [ 1.699588e+00]
  [-2.121800e+00]
  [ 3.450715e+00]
  [ 5.432743e-02]
  [ 2.861839e-01]
  [-4.447660e+00]
  [-8.570044e+00]
  [ 2.587070e+01]
  [-1.814047e+00]]

 [[ 5.994910e-01]
  [ 5.886439e-01]
  [-6.742054e-01]
  [ 1.363579e+00]
  [ 1.141699e+00]
  [ 1.066653e+00]
  [-7.287036e-01]
  [-1.711174e+00]
  [ 9.136477e+00]
  [-6.063981e-01]
  [ 1.910012e+00]
  [ 1.780519e+00]
  [-2.275091e+00]
  [ 3.494386e+00]
  [-7.252007e-01]
  [-3.114685e-01]]

 [[-5.219310e+00]
  [-9.752224e+00]
  [ 2.745135e+01]
  [-1.933731e+00]
  [ 7.116645e+00]
  [ 6.760086e+00]
  [-8.297194e+00]
  [ 1.403283e+01]
  [ 2.676955e+00]
  [ 3.398925e+00]
  [-1.598549e+01]
  [-3.130854e+01]
  [ 1.041695e+02]
  [-7.199017e+00]
  [ 5.911447e+00]
  [ 5.604756e+00]]

 [[-6.891378e+00]
  [ 1.161704e+01]
  [ 2.108143e+00]
  [ 2.738341e+00]
  [-1.333034e+01]
  [-2.609879e+01]
  [ 8.623166e+01]
  [-5.960738e+00]
  [ 5.878577e+00]
  [ 5.637582e+00]
  [-6.786388e+00]
  [ 1.196565e+01]
  [ 4.164346e+00]
  [ 4.430153e+00]
  [-1.191221e+01]
  [-2.396578e+01]]

 [[ 8.610014e+01]
  [-5.895926e+00]
  [ 1.446495e+01]
  [ 1.385093e+01]
  [-1.673636e+01]
  [ 2.927282e+01]
  [ 9.382154e+00]
  [ 1.019358e+01]
  [-2.975581e+01]
  [-5.964077e+01]
  [ 2.104612e+02]
  [-1.443717e+01]
  [ 1.199740e+01]
  [ 1.107981e+01]
  [-1.433689e+01]
  [ 2.154365e+01]]

 [[-6.010150e+00]
  [-2.972942e+00]
  [-3.310682e+01]
  [-6.084713e+01]
  [ 1.704704e+02]
  [-1.194353e+01]
  [ 0.000000e+00]
  [ 2.266040e-02]
  [ 2.479445e-02]
  [ 1.504037e-01]
  [ 7.594475e-01]
  [ 6.306013e-01]
  [ 4.645364e-01]
  [ 6.175234e-01]
  [ 1.839103e-01]
  [ 0.000000e+00]]

 [[ 0.000000e+00]
  [-4.431710e-02]
  [-3.113537e-02]
  [-1.672381e-01]
  [-7.990381e-01]
  [-6.466433e-01]
  [-4.714918e-01]
  [-6.068326e-01]
  [-1.503591e-01]
  [ 0.000000e+00]
  [-1.855006e+00]
  [-1.802433e+00]
  [ 2.128314e+00]
  [-3.840512e+00]
  [-1.548184e+00]
  [-1.553555e+00]]

 [[ 3.599491e+00]
  [ 7.377760e+00]
  [-2.685896e+01]
  [ 1.843495e+00]
  [-6.517521e-01]
  [-5.705551e-01]
  [ 7.946446e-01]
  [-1.101598e+00]
  [ 6.377648e-01]
  [ 4.098517e-01]
  [ 1.969595e+00]
  [ 3.506135e+00]
  [-9.234448e+00]
  [ 6.493945e-01]
  [-2.209272e+00]
  [-2.189931e+00]]

 [[ 2.518342e+00]
  [-4.691763e+00]
  [-2.394880e+00]
  [-2.329955e+00]
  [ 3.967470e+00]
  [ 8.382233e+00]
  [-3.233028e+01]
  [ 2.208766e+00]
  [-8.531597e+00]
  [-8.159841e+00]
  [ 9.967871e+00]
  [-1.700752e+01]
  [-3.720670e+00]
  [-4.491257e+00]
  [ 1.882210e+01]
  [ 3.704230e+01]]

 [[-1.245613e+02]
  [ 8.589258e+00]
  [-6.840174e+00]
  [-6.548502e+00]
  [ 7.992180e+00]
  [-1.408929e+01]
  [-4.756544e+00]
  [-5.097140e+00]
  [ 1.424782e+01]
  [ 2.869706e+01]
  [-1.015201e+02]
  [ 6.972640e+00]
  [-5.761353e+00]
  [-5.108322e+00]
  [ 7.226209e+00]
  [-9.357797e+00]]

 [[ 9.202336e+00]
  [ 6.679816e+00]
  [ 2.020462e+01]
  [ 3.488078e+01]
  [-8.368465e+01]
  [ 5.931772e+00]
  [-9.075422e+00]
  [-7.234787e+00]
  [ 1.211167e+01]
  [-9.985789e+00]
  [ 3.780684e+01]
  [ 2.990442e+01]
  [ 4.569804e+01]
  [ 7.284686e+01]
  [-1.254030e+02]
  [ 9.230091e+00]]

 [[-2.696211e+00]
  [-8.445690e+00]
  [-2.983132e+00]
  [-4.116132e+01]
  [-1.824205e+02]
  [-1.520068e+02]
  [-1.050176e+02]
  [-1.324729e+02]
  [-7.388943e+01]
  [ 2.554648e+00]
  [ 0.000000e+00]
  [ 4.141363e-01]
  [ 4.261537e-01]
  [ 2.556058e+00]
  [ 1.289184e+01]
  [ 1.071094e+01]]

 [[ 7.864278e+00]
  [ 1.020407e+01]
  [ 2.614689e+00]
  [ 0.000000e+00]
  [ 0.000000e+00]
  [ 2.393934e-02]
  [ 2.516873e-02]
  [ 1.496253e-01]
  [ 7.505858e-01]
  [ 6.258993e-01]
  [ 4.638659e-01]
  [ 6.149327e-01]
  [ 1.699912e-01]
  [ 0.000000e+00]
  [ 1.843495e+00]
  [ 1.776484e+00]]

 [[-2.126153e+00]
  [ 3.792221e+00]
  [ 1.488486e+00]
  [ 1.543405e+00]
  [-3.624255e+00]
  [-7.389972e+00]
  [ 2.691117e+01]
  [-1.844510e+00]
  [ 6.493945e-01]
  [ 5.911456e-01]
  [-7.854688e-01]
  [ 1.112675e+00]
  [-5.958124e-01]
  [-3.916967e-01]
  [-1.967380e+00]
  [-3.517985e+00]]

 [[ 9.225873e+00]
  [-6.495322e-01]
  [ 2.208766e+00]
  [ 2.139715e+00]
  [-2.528316e+00]
  [ 4.648522e+00]
  [ 2.360476e+00]
  [ 2.319834e+00]
  [-4.001627e+00]
  [-8.444509e+00]
  [ 3.230318e+01]
  [-2.209688e+00]
  [ 8.589258e+00]
  [ 8.169843e+00]
  [-1.000823e+01]
  [ 1.704363e+01]]

 [[ 3.727876e+00]
  [ 4.510608e+00]
  [-1.888270e+01]
  [-3.711467e+01]
  [ 1.246835e+02]
  [-8.598507e+00]
  [ 6.972640e+00]
  [ 6.683663e+00]
  [-8.066886e+00]
  [ 1.420827e+01]
  [ 4.800766e+00]
  [ 5.153810e+00]
  [-1.424964e+01]
  [-2.872511e+01]
  [ 1.015916e+02]
  [-6.981438e+00]]

 [[ 5.931772e+00]
  [ 5.289592e+00]
  [-7.293512e+00]
  [ 9.451671e+00]
  [-9.206169e+00]
  [-6.660773e+00]
  [-2.019726e+01]
  [-3.493843e+01]
  [ 8.366303e+01]
  [-5.934390e+00]
  [ 9.230091e+00]
  [ 7.532131e+00]
  [-1.211468e+01]
  [ 1.003993e+01]
  [-3.774799e+01]
  [-2.984413e+01]]

 [[-4.577686e+01]
  [-7.281606e+01]
  [ 1.254944e+02]
  [-9.236200e+00]
  [ 2.554648e+00]
  [ 7.832831e+00]
  [ 2.940489e+00]
  [ 4.085206e+01]
  [ 1.822914e+02]
  [ 1.519301e+02]
  [ 1.047660e+02]
  [ 1.321184e+02]
  [ 7.380540e+01]
  [-2.561792e+00]
  [ 0.000000e+00]
  [-3.848222e-01]]

 [[-4.200461e-01]
  [-2.543985e+00]
  [-1.287554e+01]
  [-1.070008e+01]
  [-7.841506e+00]
  [-1.017586e+01]
  [-2.611621e+00]
  [ 0.000000e+00]
  [ 0.000000e+00]
  [-1.998455e-02]
  [-2.377887e-02]
  [-1.471835e-01]
  [-7.573810e-01]
  [-6.332897e-01]
  [-4.634302e-01]
  [-5.989874e-01]]

 [[-1.533904e-01]
  [ 0.000000e+00]
  [-1.844510e+00]
  [-1.772696e+00]
  [ 2.126571e+00]
  [-3.796824e+00]
  [-1.496612e+00]
  [-1.554077e+00]
  [ 3.617333e+00]
  [ 7.401547e+00]
  [-2.689907e+01]
  [ 1.845338e+00]
  [-6.495322e-01]
  [-5.935116e-01]
  [ 7.847345e-01]
  [-1.117234e+00]]

 [[ 5.982442e-01]
  [ 3.957700e-01]
  [ 1.966989e+00]
  [ 3.499544e+00]
  [-9.242265e+00]
  [ 6.496770e-01]
  [-2.209688e+00]
  [-2.149017e+00]
  [ 2.525356e+00]
  [-4.667284e+00]
  [-2.354572e+00]
  [-2.324263e+00]
  [ 3.985194e+00]
  [ 8.414772e+00]
  [-3.232205e+01]
  [ 2.208560e+00]]

 [[-8.598507e+00]
  [-8.181540e+00]
  [ 1.000888e+01]
  [-1.704162e+01]
  [-3.714428e+00]
  [-4.491481e+00]
  [ 1.886957e+01]
  [ 3.708263e+01]
  [-1.246037e+02]
  [ 8.589508e+00]
  [-6.981438e+00]
  [-6.698248e+00]
  [ 8.074780e+00]
  [-1.419093e+01]
  [-4.786039e+00]
  [-5.115602e+00]]

 [[ 1.424959e+01]
  [ 2.873665e+01]
  [-1.015052e+02]
  [ 6.976681e+00]
  [-5.934390e+00]
  [-5.297250e+00]
  [ 7.303226e+00]
  [-9.461140e+00]
  [ 9.152885e+00]
  [ 6.642859e+00]
  [ 2.015198e+01]
  [ 3.481150e+01]
  [-8.372361e+01]
  [ 5.935366e+00]
  [-9.236200e+00]
  [-7.536410e+00]]

 [[ 1.213376e+01]
  [-1.008015e+01]
  [ 3.775134e+01]
  [ 2.988894e+01]
  [ 4.567233e+01]
  [ 7.290973e+01]
  [-1.254408e+02]
  [ 9.226824e+00]
  [-2.561792e+00]
  [-7.869540e+00]
  [-2.940911e+00]
  [-4.095269e+01]
  [-1.823864e+02]
  [-1.519033e+02]
  [-1.049164e+02]
  [-1.322770e+02]]

 [[-7.359692e+01]
  [ 2.543978e+00]
  [ 0.000000e+00]
  [ 3.857935e-01]
  [ 4.212471e-01]
  [ 2.549066e+00]
  [ 1.288235e+01]
  [ 1.070525e+01]
  [ 7.857636e+00]
  [ 1.018910e+01]
  [ 2.604846e+00]
  [ 0.000000e+00]
  [ 0.000000e+00]
  [ 2.266040e-02]
  [ 2.479445e-02]
  [ 1.504037e-01]]

 [[ 7.594475e-01]
  [ 6.306013e-01]
  [ 4.645364e-01]
  [ 6.175234e-01]
  [ 1.839103e-01]
  [ 0.000000e+00]
  [ 1.845338e+00]
  [ 1.776311e+00]
  [-2.126551e+00]
  [ 3.793657e+00]
  [ 1.493696e+00]
  [ 1.549511e+00]
  [-3.610291e+00]
  [-7.372796e+00]
  [ 2.678838e+01]
  [-1.834675e+00]]

 [[ 6.496770e-01]
  [ 5.922015e-01]
  [-7.851083e-01]
  [ 1.114872e+00]
  [-5.992218e-01]
  [-3.943307e-01]
  [-1.957642e+00]
  [-3.474470e+00]
  [ 9.204991e+00]
  [-6.458183e-01]
  [ 2.208560e+00]
  [ 2.140546e+00]
  [-2.527939e+00]
  [ 4.648355e+00]
  [ 2.340214e+00]
  [ 2.326742e+00]]

 [[-4.001455e+00]
  [-8.467258e+00]
  [ 3.210232e+01]
  [-2.199607e+00]
  [ 8.589508e+00]
  [ 8.168387e+00]
  [-1.000071e+01]
  [ 1.702742e+01]
  [ 3.716854e+00]
  [ 4.502150e+00]
  [-1.887823e+01]
  [-3.703837e+01]
  [ 1.244307e+02]
  [-8.587852e+00]
  [ 6.976681e+00]
  [ 6.694843e+00]]

 [[-8.063321e+00]
  [ 1.418311e+01]
  [ 4.819038e+00]
  [ 5.159455e+00]
  [-1.421597e+01]
  [-2.867806e+01]
  [ 1.016670e+02]
  [-6.987193e+00]
  [ 5.935366e+00]
  [ 5.289536e+00]
  [-7.297732e+00]
  [ 9.440088e+00]
  [-9.184801e+00]
  [-6.665176e+00]
  [-2.016461e+01]
  [-3.482611e+01]]

 [[ 8.360024e+01]
  [-5.905990e+00]
  [ 9.226824e+00]
  [ 7.518950e+00]
  [-1.209706e+01]
  [ 1.003708e+01]
  [-3.777726e+01]
  [-2.983594e+01]
  [-4.568767e+01]
  [-7.283745e+01]
  [ 1.242732e+02]
  [-9.116019e+00]
  [ 2.543978e+00]
  [ 7.860307e+00]
  [ 2.969836e+00]
  [ 4.088662e+01]]

 [[ 1.823153e+02]
  [ 1.519995e+02]
  [ 1.048871e+02]
  [ 1.327519e+02]
  [ 7.504710e+01]
  [-2.564793e+00]
  [ 0.000000e+00]
  [-3.860198e-01]
  [-4.203381e-01]
  [-2.543557e+00]
  [-1.287144e+01]
  [-1.070254e+01]
  [-7.844551e+00]
  [-1.019581e+01]
  [-2.670204e+00]
  [ 0.000000e+00]]

 [[ 0.000000e+00]
  [ 4.141363e-01]
  [ 4.261537e-01]
  [ 2.556058e+00]
  [ 1.289184e+01]
  [ 1.071094e+01]
  [ 7.864278e+00]
  [ 1.020407e+01]
  [ 2.614689e+00]
  [ 0.000000e+00]
  [ 3.413109e-01]
  [ 7.136824e-01]
  [-4.048699e-02]
  [ 3.097486e+00]
  [ 1.205568e+01]
  [ 1.007742e+01]]

 [[ 6.399972e+00]
  [ 7.738906e+00]
  [ 8.015941e+00]
  [-3.861092e-01]
  [ 3.699809e-01]
  [ 2.179688e-02]
  [-8.077089e-01]
  [-1.470905e+00]
  [-1.106404e+01]
  [-9.115955e+00]
  [-7.685039e+00]
  [-1.055047e+01]
  [ 3.295738e+00]
  [-3.843268e-01]
  [ 1.922750e+00]
  [ 2.094118e+00]]

 [[-1.902359e+00]
  [ 5.881328e+00]
  [ 1.129902e+01]
  [ 9.725075e+00]
  [ 2.158722e+00]
  [-4.146004e-02]
  [ 3.018993e+01]
  [-1.932919e+00]
  [ 8.432123e+00]
  [ 8.047988e+00]
  [-9.746622e+00]
  [ 1.690938e+01]
  [ 5.013180e+00]
  [ 5.588951e+00]
  [-1.761032e+01]
  [-3.521316e+01]]

 [[ 1.222867e+02]
  [-8.409928e+00]
  [ 7.108995e+00]
  [ 6.738523e+00]
  [-8.294206e+00]
  [ 1.413562e+01]
  [ 3.085294e+00]
  [ 3.806860e+00]
  [-1.564891e+01]
  [-3.078125e+01]
  [ 1.035489e+02]
  [-7.139066e+00]
  [ 6.721977e+00]
  [ 6.342009e+00]
  [-7.923718e+00]
  [ 1.309606e+01]]

 [[ 1.216080e+00]
  [ 2.212687e+00]
  [-1.592874e+01]
  [-3.062369e+01]
  [ 9.824737e+01]
  [-6.797104e+00]
  [ 1.547863e+01]
  [ 1.455649e+01]
  [-1.824017e+01]
  [ 3.027559e+01]
  [ 3.245164e+00]
  [ 5.396812e+00]
  [-3.645644e+01]
  [-7.027795e+01]
  [ 2.264526e+02]
  [-1.566438e+01]]

 [[ 1.219988e+01]
  [ 1.222961e+01]
  [-1.382849e+01]
  [ 2.668306e+01]
  [ 1.648997e+01]
  [ 1.551978e+01]
  [-2.039230e+01]
  [-4.444042e+01]
  [ 1.808140e+02]
  [-1.230961e+01]
  [ 0.000000e+00]
  [-4.520227e-02]
  [-2.979380e-02]
  [-1.598361e-01]
  [-7.792808e-01]
  [-6.347966e-01]]

 [[-4.635766e-01]
  [-6.042122e-01]
  [-1.585974e-01]
  [ 0.000000e+00]
  [ 0.000000e+00]
  [-3.848222e-01]
  [-4.200461e-01]
  [-2.543985e+00]
  [-1.287554e+01]
  [-1.070008e+01]
  [-7.841506e+00]
  [-1.017586e+01]
  [-2.611621e+00]
  [ 0.000000e+00]
  [-3.861092e-01]
  [-7.226920e-01]]

 [[ 6.175333e-02]
  [-3.117845e+00]
  [-1.203727e+01]
  [-1.006571e+01]
  [-6.383768e+00]
  [-7.722747e+00]
  [-7.985843e+00]
  [ 3.854961e-01]
  [-3.843268e-01]
  [-2.985859e-02]
  [ 8.133330e-01]
  [ 1.453934e+00]
  [ 1.102637e+01]
  [ 9.104293e+00]
  [ 7.668994e+00]
  [ 1.050149e+01]]

 [[-3.314180e+00]
  [ 3.838789e-01]
  [-1.932919e+00]
  [-2.146930e+00]
  [ 1.908188e+00]
  [-5.894183e+00]
  [-1.127373e+01]
  [-9.690337e+00]
  [-2.129982e+00]
  [ 8.979797e-02]
  [-3.008282e+01]
  [ 1.930091e+00]
  [-8.409928e+00]
  [-8.039173e+00]
  [ 9.742915e+00]
  [-1.695176e+01]]

 [[-5.055453e+00]
  [-5.576729e+00]
  [ 1.759129e+01]
  [ 3.512589e+01]
  [-1.220324e+02]
  [ 8.395693e+00]
  [-7.139066e+00]
  [-6.794042e+00]
  [ 8.310785e+00]
  [-1.418042e+01]
  [-3.159958e+00]
  [-3.781104e+00]
  [ 1.564813e+01]
  [ 3.073808e+01]
  [-1.033671e+02]
  [ 7.126556e+00]]

 [[-6.797104e+00]
  [-6.416990e+00]
  [ 7.968479e+00]
  [-1.315670e+01]
  [-1.280770e+00]
  [-2.157769e+00]
  [ 1.592058e+01]
  [ 3.058407e+01]
  [-9.808011e+01]
  [ 6.784995e+00]
  [-1.566438e+01]
  [-1.480605e+01]
  [ 1.834520e+01]
  [-3.036976e+01]
  [-3.384310e+00]
  [-5.339830e+00]]

 [[ 3.638481e+01]
  [ 7.014909e+01]
  [-2.261169e+02]
  [ 1.563860e+01]
  [-1.230961e+01]
  [-1.200943e+01]
  [ 1.399029e+01]
  [-2.645873e+01]
  [-1.599763e+01]
  [-1.536780e+01]
  [ 2.039660e+01]
  [ 4.452647e+01]
  [-1.804941e+02]
  [ 1.229163e+01]
  [ 0.000000e+00]
  [ 2.154732e-02]]

 [[ 2.411542e-02]
  [ 1.467782e-01]
  [ 7.476002e-01]
  [ 6.246002e-01]
  [ 4.579165e-01]
  [ 5.937636e-01]
  [ 1.545407e-01]
  [ 0.000000e+00]
  [ 0.000000e+00]
  [ 3.857935e-01]
  [ 4.212471e-01]
  [ 2.549066e+00]
  [ 1.288235e+01]
  [ 1.070525e+01]
  [ 7.857636e+00]
  [ 1.018910e+01]]

 [[ 2.604846e+00]
  [ 0.000000e+00]
  [ 3.854961e-01]
  [ 7.236587e-01]
  [-6.058431e-02]
  [ 3.112729e+00]
  [ 1.203990e+01]
  [ 1.007952e+01]
  [ 6.399020e+00]
  [ 7.732875e+00]
  [ 8.022854e+00]
  [-3.874369e-01]
  [ 3.838789e-01]
  [ 2.604902e-02]
  [-8.137171e-01]
  [-1.458254e+00]]

 [[-1.104201e+01]
  [-9.126052e+00]
  [-7.686569e+00]
  [-1.053311e+01]
  [ 3.283244e+00]
  [-3.842145e-01]
  [ 1.930091e+00]
  [ 2.151100e+00]
  [-1.904730e+00]
  [ 5.901495e+00]
  [ 1.131861e+01]
  [ 9.710717e+00]
  [ 2.121771e+00]
  [-7.744217e-02]
  [ 3.009803e+01]
  [-1.929778e+00]]

 [[ 8.395693e+00]
  [ 8.029779e+00]
  [-9.743964e+00]
  [ 1.694145e+01]
  [ 5.022672e+00]
  [ 5.576155e+00]
  [-1.761581e+01]
  [-3.508197e+01]
  [ 1.219651e+02]
  [-8.390738e+00]
  [ 7.126556e+00]
  [ 6.783236e+00]
  [-8.309339e+00]
  [ 1.417139e+01]
  [ 3.125941e+00]
  [ 3.765983e+00]]

 [[-1.566085e+01]
  [-3.078970e+01]
  [ 1.034072e+02]
  [-7.133150e+00]
  [ 6.784995e+00]
  [ 6.406542e+00]
  [-7.965778e+00]
  [ 1.316632e+01]
  [ 1.317623e+00]
  [ 2.208068e+00]
  [-1.589040e+01]
  [-3.061716e+01]
  [ 9.829569e+01]
  [-6.803850e+00]
  [ 1.563860e+01]
  [ 1.478113e+01]]

 [[-1.834032e+01]
  [ 3.042194e+01]
  [ 3.414576e+00]
  [ 5.385556e+00]
  [-3.644555e+01]
  [-7.037736e+01]
  [ 2.267523e+02]
  [-1.568738e+01]
  [ 1.229163e+01]
  [ 1.199828e+01]
  [-1.398060e+01]
  [ 2.652821e+01]
  [ 1.606709e+01]
  [ 1.544611e+01]
  [-2.035399e+01]
  [-4.445272e+01]]

 [[ 1.809839e+02]
  [-1.232221e+01]
  [ 0.000000e+00]
  [-2.172391e-02]
  [-2.427744e-02]
  [-1.488094e-01]
  [-7.569430e-01]
  [-6.326174e-01]
  [-4.667354e-01]
  [-6.058761e-01]
  [-1.533683e-01]
  [ 0.000000e+00]
  [ 0.000000e+00]
  [-3.860198e-01]
  [-4.203381e-01]
  [-2.543557e+00]]

 [[-1.287144e+01]
  [-1.070254e+01]
  [-7.844551e+00]
  [-1.019581e+01]
  [-2.670204e+00]
  [ 0.000000e+00]
  [-3.874369e-01]
  [-7.234529e-01]
  [ 6.417435e-02]
  [-3.111203e+00]
  [-1.203273e+01]
  [-1.006372e+01]
  [-6.380458e+00]
  [-7.738400e+00]
  [-7.869619e+00]
  [ 3.700392e-01]]

 [[-3.842145e-01]
  [-3.263289e-02]
  [ 8.138027e-01]
  [ 1.456534e+00]
  [ 1.104093e+01]
  [ 9.104310e+00]
  [ 7.677111e+00]
  [ 1.053314e+01]
  [-3.329081e+00]
  [ 3.810627e-01]
  [-1.929778e+00]
  [-2.144872e+00]
  [ 1.914575e+00]
  [-5.894791e+00]
  [-1.126739e+01]
  [-9.683255e+00]]

 [[-2.155023e+00]
  [ 3.511238e-02]
  [-3.028892e+01]
  [ 1.943725e+00]
  [-8.390738e+00]
  [-8.024600e+00]
  [ 9.754932e+00]
  [-1.697576e+01]
  [-5.038507e+00]
  [-5.555036e+00]
  [ 1.749037e+01]
  [ 3.496496e+01]
  [-1.221030e+02]
  [ 8.393758e+00]
  [-7.133150e+00]
  [-6.790415e+00]]

 [[ 8.325305e+00]
  [-1.419752e+01]
  [-3.137111e+00]
  [-3.703883e+00]
  [ 1.560252e+01]
  [ 3.065819e+01]
  [-1.022815e+02]
  [ 7.050521e+00]
  [-6.803850e+00]
  [-6.433227e+00]
  [ 7.982279e+00]
  [-1.318466e+01]
  [-1.304466e+00]
  [-2.114085e+00]
  [ 1.592638e+01]
  [ 3.057951e+01]]

 [[-9.673774e+01]
  [ 6.689398e+00]
  [-1.568738e+01]
  [-1.483045e+01]
  [ 1.837625e+01]
  [-3.037477e+01]
  [-3.297552e+00]
  [-5.195709e+00]
  [ 3.654581e+01]
  [ 7.039502e+01]
  [-2.232047e+02]
  [ 1.545649e+01]
  [-1.232221e+01]
  [-1.204235e+01]
  [ 1.398054e+01]
  [-2.655592e+01]]

 [[-1.642805e+01]
  [-1.584542e+01]
  [ 1.976930e+01]
  [ 4.229920e+01]
  [-1.815287e+02]
  [ 1.220144e+01]
  [ 0.000000e+00]
  [ 2.372052e-02]
  [ 2.559744e-02]
  [ 1.547109e-01]
  [ 7.807320e-01]
  [ 6.588332e-01]
  [ 5.043513e-01]
  [ 7.424274e-01]
  [ 3.200529e-01]
  [ 0.000000e+00]]

 [[ 0.000000e+00]
  [-4.520227e-02]
  [-2.979380e-02]
  [-1.598361e-01]
  [-7.792808e-01]
  [-6.347966e-01]
  [-4.635766e-01]
  [-6.042122e-01]
  [-1.585974e-01]
  [ 0.000000e+00]
  [ 1.793951e+00]
  [ 1.660237e+00]
  [-2.120752e+00]
  [ 3.418951e+00]
  [ 2.299017e-02]
  [ 3.205547e-01]]

 [[-4.405352e+00]
  [-8.356440e+00]
  [ 2.596641e+01]
  [-1.801170e+00]
  [ 6.027327e-01]
  [ 6.272802e-01]
  [-6.665627e-01]
  [ 1.377003e+00]
  [ 1.163469e+00]
  [ 1.055731e+00]
  [-7.748068e-01]
  [-1.889299e+00]
  [ 8.883225e+00]
  [-6.006743e-01]
  [ 1.940145e+00]
  [ 1.752211e+00]]

 [[-2.303043e+00]
  [ 3.505371e+00]
  [-7.225690e-01]
  [-3.059863e-01]
  [-5.147377e+00]
  [-9.456638e+00]
  [ 2.741530e+01]
  [-1.910942e+00]
  [ 7.283418e+00]
  [ 6.894820e+00]
  [-8.419128e+00]
  [ 1.412905e+01]
  [ 2.691301e+00]
  [ 3.372030e+00]
  [-1.585261e+01]
  [-3.094705e+01]]

 [[ 1.029185e+02]
  [-7.106143e+00]
  [ 6.025167e+00]
  [ 5.652824e+00]
  [-6.986283e+00]
  [ 1.163682e+01]
  [ 2.077080e+00]
  [ 2.729630e+00]
  [-1.321458e+01]
  [-2.574416e+01]
  [ 8.535859e+01]
  [-5.894618e+00]
  [ 5.889929e+00]
  [ 5.769156e+00]
  [-6.758875e+00]
  [ 1.191184e+01]]

 [[ 4.080651e+00]
  [ 4.364899e+00]
  [-1.191885e+01]
  [-2.399681e+01]
  [ 8.520721e+01]
  [-5.854863e+00]
  [ 1.418659e+01]
  [ 1.381226e+01]
  [-1.641579e+01]
  [ 2.877135e+01]
  [ 8.997592e+00]
  [ 9.934615e+00]
  [-2.976485e+01]
  [-5.948204e+01]
  [ 2.090991e+02]
  [-1.437668e+01]]

 [[ 1.157585e+01]
  [ 9.990236e+00]
  [-1.404347e+01]
  [ 2.093851e+01]
  [-4.923381e+00]
  [-1.716392e+00]
  [-3.204735e+01]
  [-5.981418e+01]
  [ 1.692586e+02]
  [-1.189356e+01]
  [ 0.000000e+00]
  [ 6.971074e-02]
  [ 3.218663e-02]
  [ 1.442308e-01]
  [ 6.531130e-01]
  [ 5.237381e-01]]

 [[ 4.001953e-01]
  [ 5.917732e-01]
  [ 2.180537e-01]
  [ 0.000000e+00]
  [ 0.000000e+00]
  [ 2.154732e-02]
  [ 2.411542e-02]
  [ 1.467782e-01]
  [ 7.476002e-01]
  [ 6.246002e-01]
  [ 4.579165e-01]
  [ 5.937636e-01]
  [ 1.545407e-01]
  [ 0.000000e+00]
  [-1.801170e+00]
  [-1.691700e+00]]

 [[ 2.121362e+00]
  [-3.420921e+00]
  [-4.362142e-02]
  [-3.297495e-01]
  [ 4.390201e+00]
  [ 8.338884e+00]
  [-2.594121e+01]
  [ 1.798929e+00]
  [-6.006743e-01]
  [-5.991459e-01]
  [ 6.707148e-01]
  [-1.363440e+00]
  [-1.131273e+00]
  [-1.038254e+00]
  [ 7.832190e-01]
  [ 1.898670e+00]]

 [[-8.879243e+00]
  [ 6.001191e-01]
  [-1.910942e+00]
  [-1.765414e+00]
  [ 2.282106e+00]
  [-3.481745e+00]
  [ 7.140831e-01]
  [ 2.698847e-01]
  [ 5.120187e+00]
  [ 9.445399e+00]
  [-2.741437e+01]
  [ 1.910479e+00]
  [-7.106143e+00]
  [-6.749761e+00]
  [ 8.313180e+00]
  [-1.405631e+01]]

 [[-2.667889e+00]
  [-3.375129e+00]
  [ 1.585213e+01]
  [ 3.099780e+01]
  [-1.030821e+02]
  [ 7.112656e+00]
  [-5.894618e+00]
  [-5.597977e+00]
  [ 6.898915e+00]
  [-1.165743e+01]
  [-2.138777e+00]
  [-2.717058e+00]
  [ 1.322188e+01]
  [ 2.582316e+01]
  [-8.555140e+01]
  [ 5.907430e+00]]

 [[-5.854863e+00]
  [-5.616241e+00]
  [ 6.786962e+00]
  [-1.196802e+01]
  [-4.126687e+00]
  [-4.382288e+00]
  [ 1.185964e+01]
  [ 2.396049e+01]
  [-8.553009e+01]
  [ 5.873948e+00]
  [-1.437668e+01]
  [-1.374980e+01]
  [ 1.671608e+01]
  [-2.928815e+01]
  [-9.386017e+00]
  [-1.009203e+01]]

 [[ 2.961876e+01]
  [ 5.953548e+01]
  [-2.102024e+02]
  [ 1.444508e+01]
  [-1.189356e+01]
  [-1.118660e+01]
  [ 1.421776e+01]
  [-2.187436e+01]
  [ 5.534574e+00]
  [ 3.250058e+00]
  [ 3.329175e+01]
  [ 6.122889e+01]
  [-1.705705e+02]
  [ 1.197364e+01]
  [ 0.000000e+00]
  [-6.506061e-03]]

 [[-1.816092e-02]
  [-1.314985e-01]
  [-7.298501e-01]
  [-6.392758e-01]
  [-4.839227e-01]
  [-6.593403e-01]
  [-2.082799e-01]
  [ 0.000000e+00]
  [ 0.000000e+00]
  [-2.172391e-02]
  [-2.427744e-02]
  [-1.488094e-01]
  [-7.569430e-01]
  [-6.326174e-01]
  [-4.667354e-01]
  [-6.058761e-01]]

 [[-1.533683e-01]
  [ 0.000000e+00]
  [ 1.798929e+00]
  [ 1.689429e+00]
  [-2.119602e+00]
  [ 3.423755e+00]
  [ 3.186268e-02]
  [ 3.228717e-01]
  [-4.408030e+00]
  [-8.361608e+00]
  [ 2.598860e+01]
  [-1.801700e+00]
  [ 6.001191e-01]
  [ 5.974900e-01]
  [-6.697548e-01]
  [ 1.366550e+00]]

 [[ 1.152350e+00]
  [ 1.055227e+00]
  [-7.764639e-01]
  [-1.903001e+00]
  [ 8.867138e+00]
  [-6.003979e-01]
  [ 1.910479e+00]
  [ 1.767776e+00]
  [-2.275254e+00]
  [ 3.476065e+00]
  [-7.270095e-01]
  [-2.715823e-01]
  [-5.108699e+00]
  [-9.393549e+00]
  [ 2.745044e+01]
  [-1.910047e+00]]

 [[ 7.112656e+00]
  [ 6.751757e+00]
  [-8.295526e+00]
  [ 1.403321e+01]
  [ 2.705292e+00]
  [ 3.406108e+00]
  [-1.582618e+01]
  [-3.097606e+01]
  [ 1.031668e+02]
  [-7.118975e+00]
  [ 5.907430e+00]
  [ 5.608054e+00]
  [-6.902064e+00]
  [ 1.164972e+01]
  [ 2.088845e+00]
  [ 2.675465e+00]]

 [[-1.328343e+01]
  [-2.592795e+01]
  [ 8.580360e+01]
  [-5.924973e+00]
  [ 5.873948e+00]
  [ 5.629749e+00]
  [-6.803243e+00]
  [ 1.200267e+01]
  [ 4.171512e+00]
  [ 4.420859e+00]
  [-1.188657e+01]
  [-2.401847e+01]
  [ 8.591008e+01]
  [-5.898259e+00]
  [ 1.444508e+01]
  [ 1.381169e+01]]

 [[-1.676496e+01]
  [ 2.935520e+01]
  [ 9.401649e+00]
  [ 1.011965e+01]
  [-2.964844e+01]
  [-5.959280e+01]
  [ 2.113375e+02]
  [-1.451750e+01]
  [ 1.197364e+01]
  [ 1.118914e+01]
  [-1.429016e+01]
  [ 2.182560e+01]
  [-5.660099e+00]
  [-3.502535e+00]
  [-3.377084e+01]
  [-6.262669e+01]]

 [[ 1.708664e+02]
  [-1.205173e+01]
  [ 0.000000e+00]
  [ 1.330898e-02]
  [ 2.122470e-02]
  [ 1.398999e-01]
  [ 7.534841e-01]
  [ 6.695783e-01]
  [ 5.288914e-01]
  [ 7.670050e-01]
  [ 2.716193e-01]
  [ 0.000000e+00]
  [ 0.000000e+00]
  [ 2.372052e-02]
  [ 2.559744e-02]
  [ 1.547109e-01]]

 [[ 7.807320e-01]
  [ 6.588332e-01]
  [ 5.043513e-01]
  [ 7.424274e-01]
  [ 3.200529e-01]
  [ 0.000000e+00]
  [-1.801700e+00]
  [-1.689188e+00]
  [ 2.121566e+00]
  [-3.409340e+00]
  [-9.728074e-03]
  [-3.010287e-01]
  [ 4.446142e+00]
  [ 8.482330e+00]
  [-2.570984e+01]
  [ 1.795469e+00]]

 [[-6.003979e-01]
  [-6.020246e-01]
  [ 6.676846e-01]
  [-1.369345e+00]
  [-1.160067e+00]
  [-1.070992e+00]
  [ 7.456627e-01]
  [ 1.741073e+00]
  [-9.119592e+00]
  [ 6.034227e-01]
  [-1.910047e+00]
  [-1.761124e+00]
  [ 2.277021e+00]
  [-3.479141e+00]
  [ 6.876985e-01]
  [ 2.462417e-01]]

 [[ 5.178842e+00]
  [ 9.729971e+00]
  [-2.745597e+01]
  [ 1.943145e+00]
  [-7.118975e+00]
  [-6.760333e+00]
  [ 8.309319e+00]
  [-1.408109e+01]
  [-2.740792e+00]
  [-3.500179e+00]
  [ 1.600229e+01]
  [ 3.146819e+01]
  [-1.054452e+02]
  [ 7.310038e+00]
  [-5.924973e+00]
  [-5.622218e+00]]

 [[ 6.927352e+00]
  [-1.168964e+01]
  [-2.051807e+00]
  [-2.695162e+00]
  [ 1.348207e+01]
  [ 2.653930e+01]
  [-8.746094e+01]
  [ 6.078201e+00]
  [-5.898259e+00]
  [-5.651559e+00]
  [ 6.830626e+00]
  [-1.205557e+01]
  [-4.198419e+00]
  [-4.510178e+00]
  [ 1.183032e+01]
  [ 2.375735e+01]]

 [[-8.758083e+01]
  [ 5.983942e+00]
  [-1.451750e+01]
  [-1.387017e+01]
  [ 1.684949e+01]
  [-2.949763e+01]
  [-9.504348e+00]
  [-1.024995e+01]
  [ 2.943983e+01]
  [ 5.887269e+01]
  [-2.124564e+02]
  [ 1.451462e+01]
  [-1.205173e+01]
  [-1.132329e+01]
  [ 1.438608e+01]
  [-2.187752e+01]]

 [[ 6.125508e+00]
  [ 4.190413e+00]
  [ 3.453152e+01]
  [ 6.524344e+01]
  [-1.657105e+02]
  [ 1.190858e+01]
  [ 0.000000e+00]
  [-8.898423e-03]
  [-2.177134e-02]
  [-1.483694e-01]
  [-8.017560e-01]
  [-7.239429e-01]
  [-5.907746e-01]
  [-9.667634e-01]
  [-5.221446e-01]
  [ 0.000000e+00]]]