tensor([[ -0.5833],
        [ -1.6492],
        [ -4.1165],
        [ -7.8573],
        [-12.6312],
        [-18.0536],
        [-23.6095],
        [-28.6915],
        [-32.6330],
        [-34.7765],
        [-34.6665],
        [-32.2984],
        [-28.1464],
        [-22.8849],
        [-17.1364],
        [-11.4824],
        [ -6.5049],
        [ -2.6672],
        [ -0.2009],
        [  0.8420],
        [ -0.5783],
        [ -1.6497],
        [ -4.1303],
        [ -7.8921],
        [-12.6942],
        [-18.1497],
        [-23.7390],
        [-28.8487],
        [-32.8067],
        [-34.9538],
        [-34.8368],
        [-32.4555],
        [-28.2869],
        [-23.0046],
        [-17.2301],
        [-11.5479],
        [ -6.5456],
        [ -2.6900],
        [ -0.2132],
        [  0.8338],
        [ -0.5662],
        [ -1.6513],
        [ -4.1643],
        [ -7.9772],
        [-12.8479],
        [-18.3837],
        [-24.0542],
        [-29.2309],
        [-33.2291],
        [-35.3853],
        [-35.2518],
        [-32.8384],
        [-28.6289],
        [-23.2950],
        [-17.4567],
        [-11.7059],
        [ -6.6435],
        [ -2.7451],
        [ -0.2433],
        [  0.8135],
        [ -0.5485],
        [ -1.6562],
        [ -4.2225],
        [ -8.1198],
        [-13.1031],
        [-18.7711],
        [-24.5746],
        [-29.8611],
        [-33.9257],
        [-36.0980],
        [-35.9386],
        [-33.4732],
        [-29.1946],
        [-23.7726],
        [-17.8263],
        [-11.9616],
        [ -6.8012],
        [ -2.8336],
        [ -0.2918],
        [  0.7807],
        [ -0.5316],
        [ -1.6712],
        [ -4.3134],
        [ -8.3300],
        [-13.4726],
        [-19.3269],
        [-25.3183],
        [-30.7607],
        [-34.9212],
        [-37.1198],
        [-36.9269],
        [-34.3879],
        [-30.0072],
        [-24.4523],
        [-18.3451],
        [-12.3153],
        [ -7.0165],
        [ -2.9529],
        [ -0.3558],
        [  0.7384],
        [ -0.5276],
        [ -1.7082],
        [ -4.4472],
        [ -8.6159],
        [-13.9610],
        [-20.0523],
        [-26.2840],
        [-31.9287],
        [-36.2183],
        [-38.4585],
        [-38.2294],
        [-35.5964],
        [-31.0752],
        [-25.3334],
        [-19.0044],
        [-12.7549],
        [ -7.2776],
        [ -3.0927],
        [ -0.4261],
        [  0.6954],
        [ -0.5487],
        [ -1.7772],
        [ -4.6289],
        [ -8.9739],
        [-14.5533],
        [-20.9199],
        [-27.4342],
        [-33.3233],
        [-37.7783],
        [-40.0842],
        [-39.8252],
        [-37.0820],
        [-32.3793],
        [-26.3899],
        [-19.7746],
        [-13.2534],
        [ -7.5640],
        [ -3.2378],
        [ -0.4901],
        [  0.6639],
        [ -0.5960],
        [ -1.8759],
        [ -4.8478],
        [ -9.3797],
        [-15.2069],
        [-21.8668],
        [-28.6886],
        [-34.8548],
        [-39.5126],
        [-41.9190],
        [-41.6496],
        [-38.7886],
        [-33.8650],
        [-27.5677],
        [-20.6085],
        [-13.7780],
        [ -7.8570],
        [ -3.3778],
        [ -0.5401],
        [  0.6511],
        [ -0.6552],
        [ -1.9862],
        [ -5.0772],
        [ -9.7929],
        [-15.8628],
        [-22.8119],
        [-29.9442],
        [-36.4046],
        [-41.2985],
        [-43.8472],
        [-43.6004],
        [-40.6254],
        [-35.4496],
        [-28.7970],
        [-21.4590],
        [-14.3079],
        [ -8.1550],
        [ -3.5192],
        [ -0.5829],
        [  0.6513],
        [ -0.7119],
        [ -2.0920],
        [ -5.2963],
        [-10.1850],
        [-16.4816],
        [-23.7001],
        [-31.1263],
        [-37.8778],
        [-43.0269],
        [-45.7560],
        [-45.5697],
        [-42.4939],
        [-37.0495],
        [-30.0204],
        [-22.3054],
        [-14.8545],
        [ -8.4853],
        [ -3.6895],
        [ -0.6404],
        [  0.6465],
        [ -0.7799],
        [ -2.2075],
        [ -5.5213],
        [-10.5760],
        [-17.0865],
        [-24.5547],
        [-32.2499],
        [-39.2725],
        [-44.6751],
        [-47.6056],
        [-47.5077],
        [-44.3441],
        [-38.6295],
        [-31.2349],
        [-23.1804],
        [-15.4709],
        [ -8.8988],
        [ -3.9251],
        [ -0.7345],
        [  0.6218],
        [ -0.8995],
        [ -2.3773],
        [ -5.8076],
        [-11.0385],
        [-17.7730],
        [-25.4941],
        [-33.4506],
        [-40.7296],
        [-46.3755],
        [-49.5087],
        [-49.5043],
        [-46.2505],
        [-40.2668],
        [-32.5337],
        [-24.1865],
        [-16.2452],
        [ -9.4507],
        [ -4.2473],
        [ -0.8637],
        [  0.5882],
        [ -1.0819],
        [ -2.6223],
        [ -6.1983],
        [-11.6515],
        [-18.6684],
        [-26.7031],
        [-34.9718],
        [-42.5418],
        [-48.4491],
        [-51.7861],
        [-51.8565],
        [-48.4796],
        [-42.2039],
        [-34.1359],
        [-25.4996],
        [-17.2869],
        [-10.1818],
        [ -4.6454],
        [ -0.9884],
        [  0.5956],
        [ -1.2522],
        [ -2.8830],
        [ -6.6711],
        [-12.4510],
        [-19.8875],
        [-28.3930],
        [-37.1312],
        [-45.1274],
        [-51.3882],
        [-54.9608],
        [-55.0737],
        [-51.5009],
        [-44.8570],
        [-36.3825],
        [-27.3555],
        [-18.7161],
        [-11.1170],
        [ -5.0856],
        [ -1.0470],
        [  0.7147],
        [ -1.2843],
        [ -3.0522],
        [ -7.1623],
        [-13.4401],
        [-21.5231],
        [-30.7663],
        [-40.2544],
        [-48.9316],
        [-55.7300],
        [-59.6151],
        [-59.7362],
        [-55.8576],
        [-48.7005],
        [-39.6395],
        [-29.9835],
        [-20.6347],
        [-12.2724],
        [ -5.5426],
        [ -1.0007],
        [  0.9871],
        [ -1.1247],
        [ -3.0852],
        [ -7.6463],
        [-14.6213],
        [-23.6125],
        [-33.9043],
        [-44.4752],
        [-54.1421],
        [-61.7040],
        [-65.9999],
        [-66.0979],
        [-61.7908],
        [-53.9361],
        [-44.0340],
        [-33.4260],
        [-23.0306],
        [-13.6266],
        [ -6.0137],
        [ -0.8694],
        [  1.3807],
        [ -0.8550],
        [ -3.0451],
        [ -8.1424],
        [-15.9425],
        [-26.0074],
        [-37.5448],
        [-49.4142],
        [-60.2751],
        [-68.7486],
        [-73.5145],
        [-73.5651],
        [-68.7480],
        [-60.0615],
        [-49.1171],
        [-37.3107],
        [-25.6443],
        [-15.0497],
        [ -6.4832],
        [ -0.7138],
        [  1.8028],
        [ -0.6049],
        [ -3.0151],
        [ -8.6243],
        [-17.2081],
        [-28.2894],
        [-41.0072],
        [-54.1134],
        [-66.1170],
        [-75.4590],
        [-80.6622],
        [-80.6554],
        [-75.3461],
        [-65.8504],
        [-53.8699],
        [-40.8742],
        [-27.9867],
        [-16.2978],
        [ -6.8885],
        [ -0.5819],
        [  2.1603],
        [ -0.4439],
        [ -3.0145],
        [ -8.9954],
        [-18.1455],
        [-29.9585],
        [-43.5252],
        [-57.5238],
        [-70.3545],
        [-80.3247],
        [-85.8396],
        [-85.7849],
        [-80.1126],
        [-70.0161],
        [-57.2587],
        [-43.3781],
        [-29.6047],
        [-17.1459],
        [ -7.1593],
        [ -0.4912],
        [  2.4015],
        [ -0.3789],
        [ -3.0208],
        [ -9.1669],
        [-18.5678],
        [-30.7038],
        [-44.6450],
        [-59.0378],
        [-72.2349],
        [-82.4833],
        [-88.1353],
        [-88.0576],
        [-82.2217],
        [-71.8539],
        [-58.7444],
        [-44.4655],
        [-30.2994],
        [-17.5055],
        [ -7.2715],
        [ -0.4500],
        [  2.5062]], grad_fn=<AddBackward0>)
tensor([[-2.9635e-06],
        [-1.0252e+00],
        [-3.4055e+00],
        [-7.0368e+00],
        [-1.1714e+01],
        [-1.7082e+01],
        [-2.2616e+01],
        [-2.7661e+01],
        [-3.1526e+01],
        [-3.3627e+01],
        [-3.3627e+01],
        [-3.1526e+01],
        [-2.7661e+01],
        [-2.2616e+01],
        [-1.7082e+01],
        [-1.1714e+01],
        [-7.0368e+00],
        [-3.4055e+00],
        [-1.0252e+00],
        [ 5.9269e-06],
        [-2.9785e-06],
        [-1.0304e+00],
        [-3.4228e+00],
        [-7.0724e+00],
        [-1.1774e+01],
        [-1.7169e+01],
        [-2.2731e+01],
        [-2.7802e+01],
        [-3.1686e+01],
        [-3.3797e+01],
        [-3.3797e+01],
        [-3.1686e+01],
        [-2.7802e+01],
        [-2.2731e+01],
        [-1.7169e+01],
        [-1.1774e+01],
        [-7.0724e+00],
        [-3.4228e+00],
        [-1.0304e+00],
        [ 5.9569e-06],
        [-3.0151e-06],
        [-1.0430e+00],
        [-3.4648e+00],
        [-7.1593e+00],
        [-1.1918e+01],
        [-1.7380e+01],
        [-2.3010e+01],
        [-2.8143e+01],
        [-3.2075e+01],
        [-3.4213e+01],
        [-3.4213e+01],
        [-3.2075e+01],
        [-2.8143e+01],
        [-2.3010e+01],
        [-1.7380e+01],
        [-1.1918e+01],
        [-7.1593e+00],
        [-3.4648e+00],
        [-1.0430e+00],
        [ 6.0301e-06],
        [-3.0756e-06],
        [-1.0640e+00],
        [-3.5344e+00],
        [-7.3031e+00],
        [-1.2158e+01],
        [-1.7729e+01],
        [-2.3473e+01],
        [-2.8708e+01],
        [-3.2720e+01],
        [-3.4900e+01],
        [-3.4900e+01],
        [-3.2720e+01],
        [-2.8708e+01],
        [-2.3473e+01],
        [-1.7729e+01],
        [-1.2158e+01],
        [-7.3031e+00],
        [-3.5344e+00],
        [-1.0640e+00],
        [ 6.1513e-06],
        [-3.1627e-06],
        [-1.0941e+00],
        [-3.6345e+00],
        [-7.5099e+00],
        [-1.2502e+01],
        [-1.8231e+01],
        [-2.4137e+01],
        [-2.9521e+01],
        [-3.3646e+01],
        [-3.5888e+01],
        [-3.5888e+01],
        [-3.3646e+01],
        [-2.9521e+01],
        [-2.4137e+01],
        [-1.8231e+01],
        [-1.2502e+01],
        [-7.5098e+00],
        [-3.6345e+00],
        [-1.0941e+00],
        [ 6.3254e-06],
        [-3.2770e-06],
        [-1.1336e+00],
        [-3.7658e+00],
        [-7.7812e+00],
        [-1.2953e+01],
        [-1.8889e+01],
        [-2.5009e+01],
        [-3.0588e+01],
        [-3.4861e+01],
        [-3.7184e+01],
        [-3.7184e+01],
        [-3.4861e+01],
        [-3.0588e+01],
        [-2.5009e+01],
        [-1.8889e+01],
        [-1.2953e+01],
        [-7.7812e+00],
        [-3.7658e+00],
        [-1.1336e+00],
        [ 6.5539e-06],
        [-3.4158e-06],
        [-1.1817e+00],
        [-3.9253e+00],
        [-8.1109e+00],
        [-1.3502e+01],
        [-1.9689e+01],
        [-2.6069e+01],
        [-3.1884e+01],
        [-3.6338e+01],
        [-3.8760e+01],
        [-3.8760e+01],
        [-3.6338e+01],
        [-3.1884e+01],
        [-2.6069e+01],
        [-1.9689e+01],
        [-1.3502e+01],
        [-8.1108e+00],
        [-3.9253e+00],
        [-1.1817e+00],
        [ 6.8316e-06],
        [-3.5724e-06],
        [-1.2358e+00],
        [-4.1053e+00],
        [-8.4827e+00],
        [-1.4121e+01],
        [-2.0592e+01],
        [-2.7264e+01],
        [-3.3345e+01],
        [-3.8004e+01],
        [-4.0537e+01],
        [-4.0537e+01],
        [-3.8004e+01],
        [-3.3345e+01],
        [-2.7264e+01],
        [-2.0592e+01],
        [-1.4121e+01],
        [-8.4827e+00],
        [-4.1053e+00],
        [-1.2358e+00],
        [ 7.1447e-06],
        [-3.7364e-06],
        [-1.2926e+00],
        [-4.2938e+00],
        [-8.8722e+00],
        [-1.4770e+01],
        [-2.1538e+01],
        [-2.8515e+01],
        [-3.4876e+01],
        [-3.9749e+01],
        [-4.2398e+01],
        [-4.2398e+01],
        [-3.9749e+01],
        [-3.4876e+01],
        [-2.8515e+01],
        [-2.1538e+01],
        [-1.4770e+01],
        [-8.8722e+00],
        [-4.2938e+00],
        [-1.2926e+00],
        [ 7.4728e-06],
        [-3.8972e-06],
        [-1.3482e+00],
        [-4.4785e+00],
        [-9.2539e+00],
        [-1.5405e+01],
        [-2.2464e+01],
        [-2.9742e+01],
        [-3.6377e+01],
        [-4.1460e+01],
        [-4.4222e+01],
        [-4.4222e+01],
        [-4.1460e+01],
        [-3.6377e+01],
        [-2.9742e+01],
        [-2.2464e+01],
        [-1.5405e+01],
        [-9.2539e+00],
        [-4.4785e+00],
        [-1.3482e+00],
        [ 7.7944e-06],
        [-4.0491e-06],
        [-1.4007e+00],
        [-4.6531e+00],
        [-9.6146e+00],
        [-1.6006e+01],
        [-2.3340e+01],
        [-3.0901e+01],
        [-3.7795e+01],
        [-4.3075e+01],
        [-4.5946e+01],
        [-4.5946e+01],
        [-4.3075e+01],
        [-3.7795e+01],
        [-3.0901e+01],
        [-2.3340e+01],
        [-1.6006e+01],
        [-9.6145e+00],
        [-4.6531e+00],
        [-1.4007e+00],
        [ 8.0981e-06],
        [-4.1992e-06],
        [-1.4527e+00],
        [-4.8256e+00],
        [-9.9711e+00],
        [-1.6599e+01],
        [-2.4205e+01],
        [-3.2047e+01],
        [-3.9196e+01],
        [-4.4673e+01],
        [-4.7649e+01],
        [-4.7649e+01],
        [-4.4673e+01],
        [-3.9196e+01],
        [-3.2047e+01],
        [-2.4205e+01],
        [-1.6599e+01],
        [-9.9710e+00],
        [-4.8256e+00],
        [-1.4527e+00],
        [ 8.3984e-06],
        [-4.3755e-06],
        [-1.5137e+00],
        [-5.0282e+00],
        [-1.0390e+01],
        [-1.7296e+01],
        [-2.5221e+01],
        [-3.3393e+01],
        [-4.0842e+01],
        [-4.6548e+01],
        [-4.9650e+01],
        [-4.9650e+01],
        [-4.6548e+01],
        [-4.0842e+01],
        [-3.3393e+01],
        [-2.5221e+01],
        [-1.7296e+01],
        [-1.0390e+01],
        [-5.0282e+00],
        [-1.5137e+00],
        [ 8.7510e-06],
        [-4.6292e-06],
        [-1.6014e+00],
        [-5.3198e+00],
        [-1.0992e+01],
        [-1.8299e+01],
        [-2.6684e+01],
        [-3.5329e+01],
        [-4.3210e+01],
        [-4.9247e+01],
        [-5.2529e+01],
        [-5.2529e+01],
        [-4.9247e+01],
        [-4.3210e+01],
        [-3.5329e+01],
        [-2.6684e+01],
        [-1.8299e+01],
        [-1.0992e+01],
        [-5.3198e+00],
        [-1.6014e+00],
        [ 9.2584e-06],
        [-5.0206e-06],
        [-1.7368e+00],
        [-5.7695e+00],
        [-1.1921e+01],
        [-1.9846e+01],
        [-2.8940e+01],
        [-3.8316e+01],
        [-4.6863e+01],
        [-5.3411e+01],
        [-5.6970e+01],
        [-5.6970e+01],
        [-5.3411e+01],
        [-4.6863e+01],
        [-3.8316e+01],
        [-2.8940e+01],
        [-1.9846e+01],
        [-1.1921e+01],
        [-5.7695e+00],
        [-1.7368e+00],
        [ 1.0041e-05],
        [-5.5778e-06],
        [-1.9296e+00],
        [-6.4098e+00],
        [-1.3244e+01],
        [-2.2048e+01],
        [-3.2152e+01],
        [-4.2568e+01],
        [-5.2064e+01],
        [-5.9338e+01],
        [-6.3292e+01],
        [-6.3292e+01],
        [-5.9338e+01],
        [-5.2064e+01],
        [-4.2568e+01],
        [-3.2152e+01],
        [-2.2048e+01],
        [-1.3244e+01],
        [-6.4098e+00],
        [-1.9296e+00],
        [ 1.1156e-05],
        [-6.2473e-06],
        [-2.1612e+00],
        [-7.1792e+00],
        [-1.4834e+01],
        [-2.4695e+01],
        [-3.6011e+01],
        [-4.7678e+01],
        [-5.8313e+01],
        [-6.6461e+01],
        [-7.0889e+01],
        [-7.0889e+01],
        [-6.6461e+01],
        [-5.8313e+01],
        [-4.7678e+01],
        [-3.6011e+01],
        [-2.4695e+01],
        [-1.4834e+01],
        [-7.1792e+00],
        [-2.1612e+00],
        [ 1.2495e-05],
        [-6.8922e-06],
        [-2.3843e+00],
        [-7.9203e+00],
        [-1.6366e+01],
        [-2.7244e+01],
        [-3.9728e+01],
        [-5.2599e+01],
        [-6.4333e+01],
        [-7.3321e+01],
        [-7.8207e+01],
        [-7.8207e+01],
        [-7.3321e+01],
        [-6.4333e+01],
        [-5.2599e+01],
        [-3.9728e+01],
        [-2.7244e+01],
        [-1.6366e+01],
        [-7.9203e+00],
        [-2.3843e+00],
        [ 1.3784e-05],
        [-7.3640e-06],
        [-2.5475e+00],
        [-8.4626e+00],
        [-1.7486e+01],
        [-2.9109e+01],
        [-4.2448e+01],
        [-5.6201e+01],
        [-6.8737e+01],
        [-7.8341e+01],
        [-8.3561e+01],
        [-8.3561e+01],
        [-7.8341e+01],
        [-6.8737e+01],
        [-5.6201e+01],
        [-4.2448e+01],
        [-2.9109e+01],
        [-1.7486e+01],
        [-8.4625e+00],
        [-2.5475e+00],
        [ 1.4728e-05],
        [-7.5749e-06],
        [-2.6205e+00],
        [-8.7048e+00],
        [-1.7987e+01],
        [-2.9943e+01],
        [-4.3663e+01],
        [-5.7810e+01],
        [-7.0705e+01],
        [-8.0584e+01],
        [-8.5954e+01],
        [-8.5954e+01],
        [-8.0584e+01],
        [-7.0705e+01],
        [-5.7810e+01],
        [-4.3663e+01],
        [-2.9943e+01],
        [-1.7987e+01],
        [-8.7048e+00],
        [-2.6204e+00],
        [ 1.5150e-05]]